        715 1 1 0 1 1 0 0 0
        715 1 1 0 1 1 0 0 0
        715 1 1 0 1 1 0 0 0
        716 1 1 0 1 1 0 0 0
        716 1 1 1 1 1 1 0 0
        716 1 1 1 1 1 0 0 0
        716 1 1 0 1 1 1 0 0
        716 1 1 0 1 1 1 0 0
        717 1 1 1 1 1 1 0 0
        717 1 1 1 1 1 1 0 0
        717 1 1 0 1 1 0 0 0
        717 1 1 1 1 1 1 0 0
        717 1 1 1 1 1 0 0 0
        718 1 1 1 1 1 0 0 0
        718 1 1 0 1 1 1 0 0
        718 1 1 0 1 1 0 0 0
        718 1 1 0 1 1 1 0 0
        718 1 1 1 1 1 0 0 0
        719 1 1 1 1 1 0 0 0
        719 1 1 1 1 1 0 0 0
        719 1 1 1 1 1 1 0 0
        719 1 1 1 1 1 1 0 0
        719 1 1 1 1 1 0 0 0
        720 1 1 1 1 1 1 0 0
        795 1 1 1 1 1 0 0 0
        795 1 1 0 1 1 0 0 0
        795 1 1 1 1 1 1 0 0
        796 1 1 1 1 1 1 0 0
        796 1 1 1 1 1 0 0 0
        796 1 1 0 1 1 1 0 0
        796 1 1 0 1 1 0 0 0
        796 1 1 0 1 1 1 0 0
        797 1 1 1 1 1 1 0 0
        797 1 1 0 1 1 0 0 0
        797 1 1 1 1 1 0 0 0
        797 1 1 0 1 1 0 0 0
        797 1 1 1 1 1 1 0 0
        798 1 1 0 1 1 0 0 0
        798 1 1 0 1 1 0 0 0
        798 1 1 1 1 1 1 0 0
        798 1 1 0 1 1 0 0 0
        798 1 1 0 1 1 1 0 0
        799 1 1 1 1 1 1 0 0
        799 1 1 0 1 1 0 0 0
        799 1 1 0 1 1 0 0 0
        799 1 1 1 1 1 1 0 0
        799 1 1 0 1 1 0 0 0
        800 1 1 0 1 1 0 0 0
        875 1 1 0 1 1 0 0 0
        875 1 1 0 1 1 0 0 0
        875 1 1 1 1 1 0 0 0
        876 1 1 0 1 1 1 0 0
        876 1 1 1 1 1 0 0 0
        876 1 1 1 1 1 0 0 0
        876 1 1 1 1 1 0 0 0
        876 1 1 1 1 1 0 0 0
        877 1 1 0 1 1 1 0 0
        877 1 1 0 1 1 1 0 0
        877 1 1 1 1 1 0 0 0
        877 1 1 1 1 1 1 0 0
        877 1 1 1 1 1 1 0 0
        878 1 1 1 1 1 1 0 0
        878 1 1 0 1 1 1 0 0
        878 1 1 1 1 1 0 0 0
        878 1 1 1 1 1 1 0 0
        878 1 1 1 1 1 1 0 0
        879 1 1 0 1 1 1 0 0
        879 1 1 1 1 1 0 0 0
        879 1 1 1 1 1 0 0 0
        879 1 1 0 1 1 1 0 0
        879 1 1 0 1 1 1 0 0
        880 1 1 0 1 1 1 0 0
        955 1 1 1 1 1 0 0 0
        955 1 1 1 1 1 1 0 0
        955 1 1 1 1 1 0 0 0
        956 1 1 1 1 1 1 0 0
        956 1 1 0 1 1 0 0 0
        956 1 1 1 1 1 1 0 0
        956 1 1 1 1 1 0 0 0
        956 1 1 0 1 1 1 0 0
        957 1 1 1 1 1 0 0 0
        957 1 1 0 1 1 1 0 0
        957 1 1 0 1 1 1 0 0
        957 1 1 1 1 1 1 0 0
        957 1 1 1 1 1 0 0 0
        958 1 1 0 1 1 1 0 0
        958 1 1 1 1 1 0 0 0
        958 1 1 0 1 1 1 0 0
        958 1 1 1 1 1 1 0 0
        958 1 1 0 1 1 1 0 0
        959 1 1 1 1 1 0 0 0
        959 1 1 1 1 1 0 0 0
        959 1 1 0 1 1 1 0 0
        959 1 1 1 1 1 1 0 0
        959 1 1 0 1 1 0 0 0
        960 1 1 0 1 1 0 0 0
       1035 1 1 0 1 1 1 0 0
       1035 1 1 1 1 1 1 0 0
       1035 1 1 0 1 1 0 0 0
       1036 1 1 1 1 1 0 0 0
       1036 1 1 0 1 1 1 0 0
       1036 1 1 0 1 1 0 0 0
       1036 1 1 1 1 1 1 0 0
       1036 1 1 1 1 1 1 0 0
       1037 1 1 0 1 1 1 0 0
       1037 1 1 0 1 1 0 0 0
       1037 1 1 1 1 1 1 0 0
       1037 1 1 0 1 1 1 0 0
       1037 1 1 0 1 1 1 0 0
       1038 1 1 1 1 1 1 0 0
       1038 1 1 0 1 1 0 0 0
       1038 1 1 0 1 1 0 0 0
       1038 1 1 0 1 1 1 0 0
       1038 1 1 1 1 1 1 0 0
       1039 1 1 0 1 1 0 0 0
       1039 1 1 0 1 1 1 0 0
       1039 1 1 0 1 1 0 0 0
       1039 1 1 0 1 1 0 0 0
       1039 1 1 1 1 1 0 0 0
       1040 1 1 0 1 1 1 0 0
       1115 1 1 0 1 1 0 0 0
       1115 1 1 1 1 1 0 0 0
       1115 1 1 0 1 1 0 0 0
       1116 1 1 0 1 1 1 0 0
       1116 1 1 1 1 1 0 0 0
       1116 1 1 0 1 1 1 0 0
       1116 1 1 1 1 1 1 0 0
       1116 1 1 1 1 1 1 0 0
       1117 1 1 0 1 1 1 0 0
       1117 1 1 0 1 1 1 0 0
       1117 1 1 0 1 1 1 0 0
       1117 1 1 1 1 1 1 0 0
       1117 1 1 0 1 1 0 0 0
       1118 1 1 0 1 1 0 0 0
       1118 1 1 0 1 1 0 0 0
       1118 1 1 0 1 1 0 0 0
       1118 1 1 0 1 1 0 0 0
       1118 1 1 1 1 1 1 0 0
       1119 1 1 1 1 1 0 0 0
       1119 1 1 0 1 1 1 0 0
       1119 1 1 0 1 1 1 0 0
       1119 1 1 1 1 1 1 0 0
       1119 1 1 1 1 1 1 0 0
       1120 1 1 0 1 1 0 0 0
