        701 1 1 1 0 0 0
        702 1 1 1 0 0 0
        702 1 1 1 0 0 0
        702 1 1 1 0 0 0
        702 1 1 0 0 0 0
        702 1 1 1 0 0 0
        703 1 1 1 0 0 0
        703 1 1 1 0 0 0
        703 1 1 1 0 0 0
        703 1 1 0 0 0 0
        704 1 1 0 0 0 0
        704 1 1 1 0 0 0
        704 1 1 0 0 0 0
        704 1 1 0 0 0 0
        704 1 1 1 0 0 0
        705 1 1 1 0 0 0
        705 1 1 1 0 0 0
        705 1 1 0 0 0 0
        705 1 1 0 0 0 0
        706 1 1 0 0 0 0
        706 1 1 1 0 0 0
        706 1 1 1 0 0 0
        706 1 1 0 0 0 0
        706 1 1 1 0 0 0
        709 1 1 0 0 0 0
        709 1 1 1 0 0 0
        709 1 1 0 0 0 0
        709 1 1 0 0 0 0
        710 1 1 1 0 0 0
        710 1 1 1 0 0 0
        710 1 1 0 0 0 0
        710 1 1 1 0 0 0
        711 1 1 1 0 0 0
        711 1 1 0 0 0 0
        711 1 1 1 0 0 0
        711 1 1 0 0 0 0
        711 1 1 0 0 0 0
        712 1 1 0 0 0 0
        712 1 1 1 0 0 0
        712 1 1 0 0 0 0
        712 1 1 0 0 0 0
        712 1 1 0 0 0 0
        713 1 1 0 0 0 0
        713 1 1 1 0 0 0
        713 1 1 1 0 0 0
        713 1 1 0 0 0 0
        714 1 1 1 0 0 0
        714 1 1 0 0 0 0
        781 1 1 1 0 0 0
        782 1 1 1 0 0 0
        782 1 1 0 0 0 0
        782 1 1 0 0 0 0
        782 1 1 1 0 0 0
        782 1 1 0 0 0 0
        783 1 1 0 0 0 0
        783 1 1 0 0 0 0
        783 1 1 1 0 0 0
        783 1 1 1 0 0 0
        784 1 1 0 0 0 0
        784 1 1 1 0 0 0
        784 1 1 0 0 0 0
        784 1 1 0 0 0 0
        784 1 1 0 0 0 0
        785 1 1 0 0 0 0
        785 1 1 0 0 0 0
        785 1 1 0 0 0 0
        785 1 1 0 0 0 0
        786 1 1 1 0 0 0
        786 1 1 0 0 0 0
        786 1 1 1 0 0 0
        786 1 1 1 0 0 0
        786 1 1 0 0 0 0
        789 1 1 1 0 0 0
        789 1 1 1 0 0 0
        789 1 1 0 0 0 0
        789 1 1 0 0 0 0
        790 1 1 1 0 0 0
        790 1 1 0 0 0 0
        790 1 1 0 0 0 0
        790 1 1 0 0 0 0
        791 1 1 0 0 0 0
        791 1 1 0 0 0 0
        791 1 1 0 0 0 0
        791 1 1 1 0 0 0
        791 1 1 1 0 0 0
        792 1 1 1 0 0 0
        792 1 1 1 0 0 0
        792 1 1 1 0 0 0
        792 1 1 0 0 0 0
        792 1 1 1 0 0 0
        793 1 1 1 0 0 0
        793 1 1 0 0 0 0
        793 1 1 0 0 0 0
        793 1 1 1 0 0 0
        794 1 1 0 0 0 0
        794 1 1 0 0 0 0
        861 1 1 1 0 0 0
        862 1 1 1 0 0 0
        862 1 1 1 0 0 0
        862 1 1 0 0 0 0
        862 1 1 1 0 0 0
        862 1 1 0 0 0 0
        863 1 1 1 0 0 0
        863 1 1 1 0 0 0
        863 1 1 0 0 0 0
        863 1 1 0 0 0 0
        864 1 1 1 0 0 0
        864 1 1 1 0 0 0
        864 1 1 1 0 0 0
        864 1 1 0 0 0 0
        864 1 1 0 0 0 0
        865 1 1 0 0 0 0
        865 1 1 1 0 0 0
        865 1 1 1 0 0 0
        865 1 1 1 0 0 0
        866 1 1 1 0 0 0
        866 1 1 0 0 0 0
        866 1 1 0 0 0 0
        866 1 1 0 0 0 0
        866 1 1 1 0 0 0
        869 1 1 0 0 0 0
        869 1 1 0 0 0 0
        869 1 1 1 0 0 0
        869 1 1 0 0 0 0
        870 1 1 1 0 0 0
        870 1 1 1 0 0 0
        870 1 1 0 0 0 0
        870 1 1 0 0 0 0
        871 1 1 1 0 0 0
        871 1 1 0 0 0 0
        871 1 1 1 0 0 0
        871 1 1 1 0 0 0
        871 1 1 1 0 0 0
        872 1 1 1 0 0 0
        872 1 1 0 0 0 0
        872 1 1 0 0 0 0
        872 1 1 0 0 0 0
        872 1 1 1 0 0 0
        873 1 1 0 0 0 0
        873 1 1 1 0 0 0
        873 1 1 1 0 0 0
        873 1 1 1 0 0 0
        874 1 1 1 0 0 0
        874 1 1 0 0 0 0
        941 1 1 0 0 0 0
        942 1 1 1 0 0 0
        942 1 1 0 0 0 0
        942 1 1 0 0 0 0
        942 1 1 0 0 0 0
        942 1 1 1 0 0 0
        943 1 1 1 0 0 0
        943 1 1 0 0 0 0
        943 1 1 1 0 0 0
        943 1 1 1 0 0 0
        944 1 1 1 0 0 0
        944 1 1 1 0 0 0
        944 1 1 1 0 0 0
        944 1 1 1 0 0 0
        944 1 1 0 0 0 0
        945 1 1 0 0 0 0
        945 1 1 0 0 0 0
        945 1 1 0 0 0 0
        945 1 1 0 0 0 0
        946 1 1 0 0 0 0
        946 1 1 0 0 0 0
        946 1 1 1 0 0 0
        946 1 1 1 0 0 0
        946 1 1 0 0 0 0
        949 1 1 1 0 0 0
        949 1 1 1 0 0 0
        949 1 1 1 0 0 0
        949 1 1 0 0 0 0
        950 1 1 0 0 0 0
        950 1 1 1 0 0 0
        950 1 1 1 0 0 0
        950 1 1 0 0 0 0
        951 1 1 0 0 0 0
        951 1 1 1 0 0 0
        951 1 1 1 0 0 0
        951 1 1 1 0 0 0
        951 1 1 1 0 0 0
        952 1 1 0 0 0 0
        952 1 1 1 0 0 0
        952 1 1 0 0 0 0
        952 1 1 1 0 0 0
        952 1 1 0 0 0 0
        953 1 1 1 0 0 0
        953 1 1 1 0 0 0
        953 1 1 1 0 0 0
        953 1 1 1 0 0 0
        954 1 1 1 0 0 0
        954 1 1 0 0 0 0
       1021 1 1 0 0 0 0
       1022 1 1 0 0 0 0
       1022 1 1 0 0 0 0
       1022 1 1 1 0 0 0
       1022 1 1 1 0 0 0
       1022 1 1 0 0 0 0
       1023 1 1 0 0 0 0
       1023 1 1 1 0 0 0
       1023 1 1 0 0 0 0
       1023 1 1 0 0 0 0
       1024 1 1 1 0 0 0
       1024 1 1 0 0 0 0
       1024 1 1 1 0 0 0
       1024 1 1 0 0 0 0
       1024 1 1 1 0 0 0
       1025 1 1 1 0 0 0
       1025 1 1 0 0 0 0
       1025 1 1 0 0 0 0
       1025 1 1 1 0 0 0
       1026 1 1 0 0 0 0
       1026 1 1 0 0 0 0
       1026 1 1 1 0 0 0
       1026 1 1 0 0 0 0
       1026 1 1 1 0 0 0
       1029 1 1 0 0 0 0
       1029 1 1 0 0 0 0
       1029 1 1 0 0 0 0
       1029 1 1 1 0 0 0
       1030 1 1 1 0 0 0
       1030 1 1 1 0 0 0
       1030 1 1 1 0 0 0
       1030 1 1 0 0 0 0
       1031 1 1 1 0 0 0
       1031 1 1 1 0 0 0
       1031 1 1 0 0 0 0
       1031 1 1 1 0 0 0
       1031 1 1 0 0 0 0
       1032 1 1 1 0 0 0
       1032 1 1 0 0 0 0
       1032 1 1 0 0 0 0
       1032 1 1 1 0 0 0
       1032 1 1 0 0 0 0
       1033 1 1 1 0 0 0
       1033 1 1 0 0 0 0
       1033 1 1 0 0 0 0
       1033 1 1 0 0 0 0
       1034 1 1 1 0 0 0
       1034 1 1 1 0 0 0
       1101 1 1 1 0 0 0
       1102 1 1 0 0 0 0
       1102 1 1 0 0 0 0
       1102 1 1 0 0 0 0
       1102 1 1 0 0 0 0
       1102 1 1 1 0 0 0
       1103 1 1 0 0 0 0
       1103 1 1 0 0 0 0
       1103 1 1 1 0 0 0
       1103 1 1 1 0 0 0
       1104 1 1 0 0 0 0
       1104 1 1 1 0 0 0
       1104 1 1 1 0 0 0
       1104 1 1 0 0 0 0
       1104 1 1 1 0 0 0
       1105 1 1 1 0 0 0
       1105 1 1 0 0 0 0
       1105 1 1 1 0 0 0
       1105 1 1 1 0 0 0
       1106 1 1 0 0 0 0
       1106 1 1 0 0 0 0
       1106 1 1 1 0 0 0
       1106 1 1 0 0 0 0
       1106 1 1 0 0 0 0
       1109 1 1 0 0 0 0
       1109 1 1 0 0 0 0
       1109 1 1 0 0 0 0
       1109 1 1 0 0 0 0
       1110 1 1 1 0 0 0
       1110 1 1 0 0 0 0
       1110 1 1 1 0 0 0
       1110 1 1 0 0 0 0
       1111 1 1 1 0 0 0
       1111 1 1 0 0 0 0
       1111 1 1 1 0 0 0
       1111 1 1 1 0 0 0
       1111 1 1 0 0 0 0
       1112 1 1 0 0 0 0
       1112 1 1 1 0 0 0
       1112 1 1 0 0 0 0
       1112 1 1 1 0 0 0
       1112 1 1 0 0 0 0
       1113 1 1 0 0 0 0
       1113 1 1 1 0 0 0
       1113 1 1 0 0 0 0
       1113 1 1 1 0 0 0
       1114 1 1 1 0 0 0
       1114 1 1 1 0 0 0
