        701 1 0 0 0 0 0
        702 1 0 0 0 0 0
        702 1 0 0 0 0 0
        702 1 0 0 0 0 0
        702 0 0 0 0 0 0
        702 1 0 0 0 0 0
        703 1 0 0 0 0 0
        703 1 0 0 0 0 0
        703 1 0 0 0 0 0
        703 0 0 0 0 0 0
        704 0 0 0 0 0 0
        704 1 0 0 0 0 0
        704 0 0 0 0 0 0
        704 0 0 0 0 0 0
        704 1 0 0 0 0 0
        705 1 0 0 0 0 0
        705 1 0 0 0 0 0
        705 0 0 0 0 0 0
        705 0 0 0 0 0 0
        706 0 0 0 0 0 0
        706 1 0 0 0 0 0
        706 1 0 0 0 0 0
        706 0 0 0 0 0 0
        706 1 0 0 0 0 0
        709 0 0 0 0 0 0
        709 1 0 0 0 0 0
        709 0 0 0 0 0 0
        709 0 0 0 0 0 0
        710 1 0 0 0 0 0
        710 1 0 0 0 0 0
        710 0 0 0 0 0 0
        710 1 0 0 0 0 0
        711 1 0 0 0 0 0
        711 0 0 0 0 0 0
        711 1 0 0 0 0 0
        711 0 0 0 0 0 0
        711 0 0 0 0 0 0
        712 0 0 0 0 0 0
        712 1 0 0 0 0 0
        712 0 0 0 0 0 0
        712 0 0 0 0 0 0
        712 0 0 0 0 0 0
        713 0 0 0 0 0 0
        713 1 0 0 0 0 0
        713 1 0 0 0 0 0
        713 0 0 0 0 0 0
        714 1 0 0 0 0 0
        714 0 0 0 0 0 0
        781 1 0 0 0 0 0
        782 1 0 0 0 0 0
        782 0 0 0 0 0 0
        782 0 0 0 0 0 0
        782 1 0 0 0 0 0
        782 0 0 0 0 0 0
        783 0 0 0 0 0 0
        783 0 0 0 0 0 0
        783 1 0 0 0 0 0
        783 1 0 0 0 0 0
        784 0 0 0 0 0 0
        784 1 0 0 0 0 0
        784 0 0 0 0 0 0
        784 0 0 0 0 0 0
        784 0 0 0 0 0 0
        785 0 0 0 0 0 0
        785 0 0 0 0 0 0
        785 0 0 0 0 0 0
        785 0 0 0 0 0 0
        786 1 0 0 0 0 0
        786 0 0 0 0 0 0
        786 1 0 0 0 0 0
        786 1 0 0 0 0 0
        786 0 0 0 0 0 0
        789 1 0 0 0 0 0
        789 1 0 0 0 0 0
        789 0 0 0 0 0 0
        789 0 0 0 0 0 0
        790 1 0 0 0 0 0
        790 0 0 0 0 0 0
        790 0 0 0 0 0 0
        790 0 0 0 0 0 0
        791 0 0 0 0 0 0
        791 0 0 0 0 0 0
        791 0 0 0 0 0 0
        791 1 0 0 0 0 0
        791 1 0 0 0 0 0
        792 1 0 0 0 0 0
        792 1 0 0 0 0 0
        792 1 0 0 0 0 0
        792 0 0 0 0 0 0
        792 1 0 0 0 0 0
        793 1 0 0 0 0 0
        793 0 0 0 0 0 0
        793 0 0 0 0 0 0
        793 1 0 0 0 0 0
        794 0 0 0 0 0 0
        794 0 0 0 0 0 0
        861 1 0 0 0 0 0
        862 1 0 0 0 0 0
        862 1 0 0 0 0 0
        862 0 0 0 0 0 0
        862 1 0 0 0 0 0
        862 0 0 0 0 0 0
        863 1 0 0 0 0 0
        863 1 0 0 0 0 0
        863 0 0 0 0 0 0
        863 0 0 0 0 0 0
        864 1 0 0 0 0 0
        864 1 0 0 0 0 0
        864 1 0 0 0 0 0
        864 0 0 0 0 0 0
        864 0 0 0 0 0 0
        865 0 0 0 0 0 0
        865 1 0 0 0 0 0
        865 1 0 0 0 0 0
        865 1 0 0 0 0 0
        866 1 0 0 0 0 0
        866 0 0 0 0 0 0
        866 0 0 0 0 0 0
        866 0 0 0 0 0 0
        866 1 0 0 0 0 0
        869 0 0 0 0 0 0
        869 0 0 0 0 0 0
        869 1 0 0 0 0 0
        869 0 0 0 0 0 0
        870 1 0 0 0 0 0
        870 1 0 0 0 0 0
        870 0 0 0 0 0 0
        870 0 0 0 0 0 0
        871 1 0 0 0 0 0
        871 0 0 0 0 0 0
        871 1 0 0 0 0 0
        871 1 0 0 0 0 0
        871 1 0 0 0 0 0
        872 1 0 0 0 0 0
        872 0 0 0 0 0 0
        872 0 0 0 0 0 0
        872 0 0 0 0 0 0
        872 1 0 0 0 0 0
        873 0 0 0 0 0 0
        873 1 0 0 0 0 0
        873 1 0 0 0 0 0
        873 1 0 0 0 0 0
        874 1 0 0 0 0 0
        874 0 0 0 0 0 0
        941 0 0 0 0 0 0
        942 1 0 0 0 0 0
        942 0 0 0 0 0 0
        942 0 0 0 0 0 0
        942 0 0 0 0 0 0
        942 1 0 0 0 0 0
        943 1 0 0 0 0 0
        943 0 0 0 0 0 0
        943 1 0 0 0 0 0
        943 1 0 0 0 0 0
        944 1 0 0 0 0 0
        944 1 0 0 0 0 0
        944 1 0 0 0 0 0
        944 1 0 0 0 0 0
        944 0 0 0 0 0 0
        945 0 0 0 0 0 0
        945 0 0 0 0 0 0
        945 0 0 0 0 0 0
        945 0 0 0 0 0 0
        946 0 0 0 0 0 0
        946 0 0 0 0 0 0
        946 1 0 0 0 0 0
        946 1 0 0 0 0 0
        946 0 0 0 0 0 0
        949 1 0 0 0 0 0
        949 1 0 0 0 0 0
        949 1 0 0 0 0 0
        949 0 0 0 0 0 0
        950 0 0 0 0 0 0
        950 1 0 0 0 0 0
        950 1 0 0 0 0 0
        950 0 0 0 0 0 0
        951 0 0 0 0 0 0
        951 1 0 0 0 0 0
        951 1 0 0 0 0 0
        951 1 0 0 0 0 0
        951 1 0 0 0 0 0
        952 0 0 0 0 0 0
        952 1 0 0 0 0 0
        952 0 0 0 0 0 0
        952 1 0 0 0 0 0
        952 0 0 0 0 0 0
        953 1 0 0 0 0 0
        953 1 0 0 0 0 0
        953 1 0 0 0 0 0
        953 1 0 0 0 0 0
        954 1 0 0 0 0 0
        954 0 0 0 0 0 0
       1021 0 0 0 0 0 0
       1022 0 0 0 0 0 0
       1022 0 0 0 0 0 0
       1022 1 0 0 0 0 0
       1022 1 0 0 0 0 0
       1022 0 0 0 0 0 0
       1023 0 0 0 0 0 0
       1023 1 0 0 0 0 0
       1023 0 0 0 0 0 0
       1023 0 0 0 0 0 0
       1024 1 0 0 0 0 0
       1024 0 0 0 0 0 0
       1024 1 0 0 0 0 0
       1024 0 0 0 0 0 0
       1024 1 0 0 0 0 0
       1025 1 0 0 0 0 0
       1025 0 0 0 0 0 0
       1025 0 0 0 0 0 0
       1025 1 0 0 0 0 0
       1026 0 0 0 0 0 0
       1026 0 0 0 0 0 0
       1026 1 0 0 0 0 0
       1026 0 0 0 0 0 0
       1026 1 0 0 0 0 0
       1029 0 0 0 0 0 0
       1029 0 0 0 0 0 0
       1029 0 0 0 0 0 0
       1029 1 0 0 0 0 0
       1030 1 0 0 0 0 0
       1030 1 0 0 0 0 0
       1030 1 0 0 0 0 0
       1030 0 0 0 0 0 0
       1031 1 0 0 0 0 0
       1031 1 0 0 0 0 0
       1031 0 0 0 0 0 0
       1031 1 0 0 0 0 0
       1031 0 0 0 0 0 0
       1032 1 0 0 0 0 0
       1032 0 0 0 0 0 0
       1032 0 0 0 0 0 0
       1032 1 0 0 0 0 0
       1032 0 0 0 0 0 0
       1033 1 0 0 0 0 0
       1033 0 0 0 0 0 0
       1033 0 0 0 0 0 0
       1033 0 0 0 0 0 0
       1034 1 0 0 0 0 0
       1034 1 0 0 0 0 0
       1101 1 0 0 0 0 0
       1102 0 0 0 0 0 0
       1102 0 0 0 0 0 0
       1102 0 0 0 0 0 0
       1102 0 0 0 0 0 0
       1102 1 0 0 0 0 0
       1103 0 0 0 0 0 0
       1103 0 0 0 0 0 0
       1103 1 0 0 0 0 0
       1103 1 0 0 0 0 0
       1104 0 0 0 0 0 0
       1104 1 0 0 0 0 0
       1104 1 0 0 0 0 0
       1104 0 0 0 0 0 0
       1104 1 0 0 0 0 0
       1105 1 0 0 0 0 0
       1105 0 0 0 0 0 0
       1105 1 0 0 0 0 0
       1105 1 0 0 0 0 0
       1106 0 0 0 0 0 0
       1106 0 0 0 0 0 0
       1106 1 0 0 0 0 0
       1106 0 0 0 0 0 0
       1106 0 0 0 0 0 0
       1109 0 0 0 0 0 0
       1109 0 0 0 0 0 0
       1109 0 0 0 0 0 0
       1109 0 0 0 0 0 0
       1110 1 0 0 0 0 0
       1110 0 0 0 0 0 0
       1110 1 0 0 0 0 0
       1110 0 0 0 0 0 0
       1111 1 0 0 0 0 0
       1111 0 0 0 0 0 0
       1111 1 0 0 0 0 0
       1111 1 0 0 0 0 0
       1111 0 0 0 0 0 0
       1112 0 0 0 0 0 0
       1112 1 0 0 0 0 0
       1112 0 0 0 0 0 0
       1112 1 0 0 0 0 0
       1112 0 0 0 0 0 0
       1113 0 0 0 0 0 0
       1113 1 0 0 0 0 0
       1113 0 0 0 0 0 0
       1113 1 0 0 0 0 0
       1114 1 0 0 0 0 0
       1114 1 0 0 0 0 0
