        619   1035     -2
        619  -1042     -3
        619  -1034     -3
        620  -1037     -5
        620   1035     -6
        620  -1038     -5
        620  -1034     -5
        621  -1033     -6
        621  -1039     -3
        621   1040     -8
        621   1039    -10
        621  -1034     -8
        622  -1030    -13
        622   1041     -5
        622  -1027     -7
        622   1038     -2
        622   1043     -3
        623  -1027     -1
        623  -1030     -2
        623  -1028     -7
        623  -1021     -2
        624   1039      5
        624  -1018     49
        624  -1010     96
        626   1026    106
        627   1029     54
        627  -1039     10
        627   1039      1
        627   1038      8
        628  -1037      5
        628   1029      5
        628   1036      5
        628  -1041      5
        628  -1038      7
        629  -1047     12
        629  -1049     13
        629   1031      2
        629  -1043      8
        629  -1042      2
        630  -1044      4
        630  -1036      3
        630  -1039      0
        630   1034      2
        631  -1042     -2
        631  -1043      0
        631   1031     -2
        631   1039      0
        631  -1046     -5
        699   1035     -2
        699   1036     -5
        699   1029     -6
        700   1033     -4
        700  -1038     -3
        700   1036     -5
        700   1034     -5
        701   1034     -4
        701   1041     -7
        701  -1030     -4
        701  -1031     -8
        701   1037     -7
        702  -1030    -13
        702  -1028    -10
        702   1034      0
        702   1038     -2
        702   1043     -3
        703  -1027     -1
        703  -1030     -2
        703  -1028     -7
        703   1042      0
        704   1039      5
        704  -1018     49
        704   1026   -100
        706  -1020    -91
        707   1029     54
        707  -1039     10
        707  -1035     14
        707   1038      8
        708   1033      4
        708  -1041      5
        708   1036      5
        708   1035      2
        708  -1038      7
        709   1031      0
        709  -1047      6
        709  -1042      9
        709  -1043      8
        709   1028      6
        710  -1044      4
        710  -1036      3
        710  -1039      0
        710  -1044     -4
        711   1032      0
        711   1034     -4
        711  -1040     -2
        711   1039      0
        711  -1046     -5
        779   1035     -2
        779   1036     -5
        779  -1034     -3
        780  -1037     -5
        780   1035     -6
        780  -1038     -5
        780  -1034     -5
        781  -1033     -6
        781   1041     -7
        781   1040     -8
        781  -1031     -8
        781   1037     -7
        782  -1030    -13
        782  -1028    -10
        782  -1027     -7
        782  -1030     -4
        782  -1034     -2
        783  -1027     -1
        783  -1030     -2
        783   1042      0
        783  -1027     -7
        784   1039      5
        784   1028    -48
        784  -1010     96
        786   1026    106
        787   1029     54
        787  -1039     10
        787  -1035     14
        787   1038      8
        788  -1037      5
        788  -1041      5
        788  -1040     10
        788  -1041      5
        788  -1038      7
        789  -1047     12
        789   1031     -2
        789   1031      2
        789   1024      0
        789   1028      6
        790   1034     -2
        790  -1036      3
        790   1029      0
        790   1034      2
        791  -1042     -2
        791  -1043      0
        791   1031     -2
        791  -1047     -6
        791  -1046     -5
        859   1035     -2
        859   1036     -5
        859   1029     -6
        860  -1037     -5
        860   1035     -6
        860  -1038     -5
        860   1034     -5
        861   1034     -4
        861  -1039     -3
        861  -1030     -4
        861   1039    -10
        861   1037     -7
        862   1042     -3
        862  -1028    -10
        862  -1027     -7
        862  -1030     -4
        862   1043     -3
        863   1043     -1
        863   1040     -1
        863   1042      0
        863  -1027     -7
        864  -1024      0
        864  -1018     49
        864   1026   -100
        866  -1020    -91
        867  -1028    -43
        867   1034      5
        867  -1035     14
        867   1038      8
        868   1033      4
        868  -1041      5
        868  -1042      3
        868   1035      2
        868  -1038      7
        869   1031      0
        869   1031     -2
        869   1031      2
        869   1024      0
        869  -1042      2
        870  -1044      4
        870  -1036      3
        870   1029      0
        870  -1044     -4
        871   1032      0
        871   1034     -4
        871   1031     -2
        871   1039      0
        871  -1046     -5
        939  -1041     -5
        939   1036     -5
        939  -1034     -3
        940  -1037     -5
        940  -1038     -3
        940   1036     -5
        940   1034     -5
        941  -1033     -6
        941   1041     -7
        941   1040     -8
        941   1039    -10
        941   1037     -7
        942   1042     -3
        942   1041     -5
        942  -1027      0
        942  -1030     -4
        942  -1034     -2
        943  -1027     -1
        943  -1030     -2
        943  -1032     -1
        943  -1026      2
        944   1034      0
        944   1028    -48
        944  -1015    101
        946   1026    106
        947   1029     54
        947   1034      5
        947  -1034      4
        947  -1040      2
        948   1033      4
        948   1029      5
        948  -1042      3
        948  -1041      5
        948   1031      7
        949   1038      1
        949   1039      0
        949   1031      2
        949  -1040      1
        949   1032      0
        950  -1044      4
        950   1026     -2
        950  -1039      0
        950   1034      2
        951   1032      0
        951   1034     -4
        951   1031     -2
        951   1039      0
        951  -1046     -5
       1019  -1041     -5
       1019  -1042     -3
       1019  -1034     -3
       1020   1033     -4
       1020   1035     -6
       1020  -1038     -5
       1020  -1034     -5
       1021   1034     -4
       1021  -1039     -3
       1021  -1037     -1
       1021   1039    -10
       1021  -1032     -1
       1022   1042     -3
       1022  -1035     -2
       1022   1034     -7
       1022   1038     -2
       1022  -1034     -2
       1023  -1027     -1
       1023   1040     -1
       1023  -1032     -1
       1023  -1026      2
       1024   1034      0
       1024  -1018     49
       1024   1026   -100
       1026  -1025    -95
       1027  -1028    -43
       1027  -1034      5
       1027   1033      6
       1027   1038      8
       1028   1033      4
       1028   1029      5
       1028  -1042      3
       1028   1035      2
       1028   1031      0
       1029  -1046      5
       1029   1039      0
       1029  -1040      2
       1029   1030      2
       1029  -1042      2
       1030  -1044      4
       1030   1026     -2
       1030  -1039      0
       1030   1034      2
       1031  -1042     -2
       1031  -1043      0
       1031  -1040     -2
       1031   1039      0
       1031   1038     -1
       1099   1035     -2
       1099  -1042     -3
       1099  -1034     -3
       1100  -1037     -5
       1100  -1038     -3
       1100   1036     -5
       1100  -1034     -5
       1101  -1033     -6
       1101   1041     -7
       1101   1040     -8
       1101  -1035      0
       1101   1037     -7
       1102   1042     -3
       1102  -1035     -2
       1102   1034      0
       1102   1038     -2
       1102  -1034     -2
       1103   1036     -3
       1103   1040     -1
       1103  -1032     -1
       1103  -1026      2
       1104   1034      0
       1104  -1018     49
       1104  -1015    101
       1106  -1025    -95
       1107  -1028    -43
       1107  -1034      5
       1107  -1034      4
       1107   1038      8
       1108  -1037      5
       1108   1029      5
       1108  -1042      3
       1108   1035      2
       1108  -1038      7
       1109   1038      1
       1109   1039      0
       1109  -1040      2
       1109  -1040      1
       1109   1032      0
       1110  -1044      4
       1110   1026     -2
       1110  -1039      0
       1110  -1044     -4
       1111   1032      0
       1111  -1043      0
       1111   1031     -2
       1111   1039      0
       1111   1038     -1
