        591       19575        -117
        592       -3879       19171
        592      -10864      -16363
        592        3873      -19114
        611        -125        -152
        612       19579         -49
        612      -19703         -68
        612      -19623         -60
        612      -19708        -106
        612       19640        -119
        613      -19733         -97
        613       19575        -117
        613      -19602         -99
        613      -19575        -117
        613      -19636         -57
        614       19668        -165
        614       19669        -198
        614      -19523        -159
        614      -19484        -260
        614       19704        -103
        615      -19530        -140
        615       19788         -43
        615       19729         -69
        615      -19489         -20
        615      -19579         -53
        616      -19510        -127
        616      -19540        -136
        616      -19452         -54
        616       19899          99
        616      -19643         950
        617      -19625        1880
        617           1          -1
        617           0           0
        617           0           0
        617           0           0
        618           0           0
        618           0           0
        618           0           0
        618           0           0
        618           0           0
        619           1           1
        619           0           0
        619       19745        2039
        619       19647        1034
        619      -19700         197
        620       19682          28
        620       19655         155
        620       19640         119
        620      -19708         106
        620       19529         113
        621       19593          96
        621      -19704         103
        621      -19599         139
        621      -19653         237
        621      -19673         260
        622       19422          40
        622      -19814         152
        622      -19764          53
        622      -19771          78
        622      -19737          73
        623      -19700           0
        623       19442          63
        623       19578          39
        623      -19764         -54
        623      -19696           4
        624       19422         -40
        624       19483          15
        624      -19640         -99
        671       19575        -117
        672       -3879       19171
        672      -10864      -16363
        672        3873      -19114
        691        -125        -152
        692       19579         -49
        692       19593         -96
        692       19529        -114
        692       19632         -76
        692      -19698         -70
        693       19694         -97
        693       19575        -117
        693       19601         -99
        693       19594         -79
        693       19674        -136
        694      -19490         -90
        694      -19519        -166
        694       19575        -148
        694      -19484        -260
        694      -19454        -201
        695       19669           0
        695       19788         -43
        695       19729         -69
        695      -19489         -20
        695      -19579         -53
        696      -19510        -127
        696      -19540        -136
        696       19845          15
        696       19899          99
        696      -19643         950
        697       19932       -1950
        697           1          -1
        697           2           0
        697           0           0
        697           0           0
        698           0           0
        698           0           0
        698           0           0
        698           0           0
        698           0          -1
        699           0           0
        699           0           0
        699      -19617       -1753
        699       19647        1034
        699      -19700         197
        700      -19613         275
        700       19655         155
        700       19640         119
        700       19632          76
        700      -19756         100
        701       19593          96
        701       19579          49
        701      -19599         139
        701       19351          13
        701      -19646         124
        702      -19635         186
        702      -19814         152
        702       19509         127
        702      -19771          78
        702      -19737          73
        703      -19700           0
        703       19442          63
        703      -19771         -78
        703       19575          -4
        703       19514         -80
        704      -19595         -53
        704       19483          15
        704      -19640         -99
        751       19575        -117
        752       -3879       19171
        752      -10864      -16363
        752        3873      -19114
        771        -125        -152
        772       19579         -49
        772       19593         -96
        772      -19623         -60
        772      -19708        -106
        772       19640        -119
        773      -19733         -97
        773       19575        -117
        773      -19602         -99
        773      -19575        -117
        773       19674        -136
        774       19668        -165
        774      -19519        -166
        774       19575        -148
        774      -19484        -260
        774      -19454        -201
        775      -19530        -140
        775      -19636         -83
        775      -19566         -41
        775      -19489         -20
        775      -19579         -53
        776      -19510        -127
        776       19810         -19
        776      -19560        -143
        776       19899          99
        776       19841        -941
        777      -19625        1880
        777           0           0
        777           0           0
        777           0           0
        777           0           0
        778           0           0
        778           0           0
        778           0           0
        778           0           0
        778           0          -1
        779           1           1
        779           0           0
        779       19745        2039
        779       19647        1034
        779      -19700         197
        780      -19613         275
        780       19655         155
        780       19640         119
        780      -19708         106
        780      -19756         100
        781      -19676         204
        781      -19704         103
        781      -19599         139
        781      -19653         237
        781       19347         -42
        782       19422          40
        782       19450           0
        782       19509         127
        782       19578         -39
        782      -19737          73
        783       19503           0
        783       19442          63
        783       19578          39
        783      -19764         -54
        783      -19696           4
        784       19422         -40
        784      -19646        -125
        784      -19640         -99
        831       19575        -117
        832       -3879       19171
        832      -10864      -16363
        832        3873      -19114
        851        -125        -152
        852       19579         -49
        852       19593         -96
        852       19529        -114
        852      -19708        -106
        852       19640        -119
        853      -19733         -97
        853       19575        -117
        853       19601         -99
        853       19594         -79
        853      -19636         -57
        854      -19490         -90
        854       19669        -198
        854       19575        -148
        854       19702         -68
        854      -19454        -201
        855      -19530        -140
        855      -19636         -83
        855       19729         -69
        855       19796         -34
        855       19761         -23
        856      -19510        -127
        856       19810         -19
        856      -19560        -143
        856      -19602           0
        856      -19643         950
        857       19932       -1950
        857           1          -1
        857           2           0
        857           0           0
        857           1           0
        858           0           0
        858           0           0
        858           0           0
        858           0           0
        858           1          -1
        859           0           0
        859           0           0
        859      -19617       -1753
        859      -19638        -837
        859       19601          98
        860      -19613         275
        860       19655         155
        860       19640         119
        860       19632          76
        860      -19756         100
        861      -19703          67
        861       19579          49
        861      -19599         139
        861       19351          13
        861       19347         -42
        862       19422          40
        862       19450           0
        862      -19764          53
        862      -19771          78
        862      -19737          73
        863       19503           0
        863       19442          63
        863      -19771         -78
        863       19575          -4
        863       19514         -80
        864       19422         -40
        864       19483          15
        864      -19640         -99
        911      -19594         -79
        912        3860      -19367
        912       11052       16305
        912       -3931       19302
        931        -125        -152
        932      -19704        -103
        932       19593         -96
        932      -19623         -60
        932      -19708        -106
        932      -19698         -70
        933       19694         -97
        933      -19594         -79
        933       19601         -99
        933      -19575        -117
        933       19674        -136
        934       19668        -165
        934       19669        -198
        934       19575        -148
        934       19702         -68
        934       19704        -103
        935      -19530           0
        935      -19636         -83
        935      -19566         -41
        935      -19489         -20
        935      -19579         -53
        936       19763         -54
        936      -19617         -20
        936      -19541          54
        936       19800           0
        936       19841        -941
        937      -19734        1969
        937           1           0
        937           2           0
        937           0           0
        937           0           0
        938           0           0
        938           0           0
        938           0           0
        938           1          -1
        938           0          -1
        939           1           1
        939           0           0
        939       19745        2039
        939       19647        1034
        939       19601          98
        940      -19594          79
        940      -19694          38
        940      -19698          69
        940       19632          76
        940       19529         113
        941      -19703          67
        941      -19704         103
        941       19460         139
        941       19489          26
        941       19483         -15
        942       19422          40
        942      -19761          23
        942       19575           4
        942      -19771          78
        942       19540         -54
        943      -19700           0
        943      -19638         -83
        943       19578          39
        943       19575          -4
        943       19514         -80
        944       19422         -40
        944       19483          15
        944      -19640         -99
        991      -19594         -79
        992        3860      -19367
        992       11052       16305
        992       -3931       19302
       1011        -125        -152
       1012      -19704        -103
       1012      -19703         -68
       1012      -19623         -60
       1012       19632         -76
       1012       19640        -119
       1013      -19733         -97
       1013      -19594         -79
       1013      -19602         -99
       1013       19594         -79
       1013      -19636         -57
       1014      -19612         -24
       1014       19669        -198
       1014      -19483         -26
       1014       19702         -68
       1014      -19579         -49
       1015       19669        -140
       1015       19788         -43
       1015      -19566         -41
       1015      -19489         -20
       1015       19761         -23
       1016       19763         -54
       1016      -19617         -20
       1016      -19541          54
       1016       19800           0
       1016      -19643         950
       1017       19932       -1950
       1017           0          -1
       1017           0           0
       1017           0           0
       1017           0           0
       1018           0           0
       1018           0           0
       1018           0           0
       1018           1           0
       1018           0           0
       1019           0           0
       1019           0           0
       1019      -19726       -1842
       1019      -19638        -837
       1019      -19602          98
       1020       19575         117
       1020       19655         155
       1020      -19698          69
       1020       19632          76
       1020       19529         113
       1021      -19703          67
       1021       19579          49
       1021       19460           0
       1021      -19640          99
       1021       19483         -15
       1022      -19595          53
       1022       19579          53
       1022      -19764          53
       1022      -19771          78
       1022       19540         -54
       1023      -19700           0
       1023      -19638         -83
       1023       19578          39
       1023      -19764         -54
       1023      -19696           4
       1024      -19595         -53
       1024       19483          15
       1024       19489         -26
       1071      -19594         -79
       1072        3860      -19367
       1072       11052       16305
       1072       -3931       19302
       1091        -125        -152
       1092       19579         -49
       1092      -19703         -68
       1092      -19623         -60
       1092      -19708        -106
       1092      -19698         -70
       1093       19694         -97
       1093      -19594         -79
       1093      -19602         -99
       1093      -19575        -117
       1093       19674        -136
       1094       19668        -165
       1094      -19594          16
       1094       19575        -148
       1094       19702         -68
       1094      -19579         -49
       1095       19669           0
       1095       19788         -43
       1095      -19566         -41
       1095       19662         -74
       1095       19761         -23
       1096       19763         -54
       1096      -19617         -20
       1096      -19541          54
       1096       19800           0
       1096      -19643         950
       1097      -19734        1969
       1097           0           0
       1097           1           1
       1097           0           0
       1097           1          -1
       1098           0           0
       1098           0           0
       1098           0           0
       1098           1          -1
       1098           0           0
       1099           0           1
       1099           0           0
       1099      -19726       -1842
       1099      -19638        -837
       1099      -19602          98
       1100      -19594          79
       1100       19655         155
       1100      -19698          69
       1100      -19708         106
       1100       19529         113
       1101      -19703          67
       1101       19579          49
       1101      -19599         139
       1101       19489          26
       1101       19483         -15
       1102      -19595          53
       1102      -19761          23
       1102       19575           4
       1102      -19771          78
       1102       19540         -54
       1103      -19700           0
       1103      -19638         -83
       1103      -19771         -78
       1103       19575          -4
       1103      -19696           4
       1104       19422         -40
       1104       19483          15
       1104       19489         -26
       1151           0           0
       1152           0           0
       1152           0           0
       1152           0           0
