        591    40089600     -239616
        592    -7944192    39262208
        592   -22249472   -33511424
        592     7931904   -39145472
        611     -256000     -311296
        612    40097792     -100352
        612   -40351744     -139264
        612   -40187904     -122880
        612   -40361984     -217088
        612    40222720     -243712
        613   -40413184     -198656
        613    40089600     -239616
        613   -40144896     -202752
        613   -40089600     -239616
        613   -40214528     -116736
        614    40280064     -337920
        614    40282112     -405504
        614   -39983104     -325632
        614   -39903232     -532480
        614    40353792     -210944
        615   -39997440     -286720
        615    40525824      -88064
        615    40404992     -141312
        615   -39913472      -40960
        615   -40097792     -108544
        616   -39956480     -260096
        616   -40017920     -278528
        616   -39837696     -110592
        616    40753152      202752
        616   -40228864     1945600
        617   -40192000     3850240
        617        2048       -2048
        617           0           0
        617           0           0
        617           0           0
        618           0           0
        618           0           0
        618           0           0
        618           0           0
        618           0           0
        619        2048        2048
        619           0           0
        619    40437760     4175872
        619    40237056     2117632
        619   -40345600      403456
        620    40308736       57344
        620    40253440      317440
        620    40222720      243712
        620   -40361984      217088
        620    39995392      231424
        621    40126464      196608
        621   -40353792      210944
        621   -40138752      284672
        621   -40249344      485376
        621   -40290304      532480
        622    39776256       81920
        622   -40579072      311296
        622   -40476672      108544
        622   -40491008      159744
        622   -40421376      149504
        623   -40345600           0
        623    39817216      129024
        623    40095744       79872
        623   -40476672     -110592
        623   -40337408        8192
        624    39776256      -81920
        624    39901184       30720
        624   -40222720     -202752
        671    40089600     -239616
        672    -7944192    39262208
        672   -22249472   -33511424
        672     7931904   -39145472
        691     -256000     -311296
        692    40097792     -100352
        692    40126464     -196608
        692    39995392     -233472
        692    40206336     -155648
        692   -40341504     -143360
        693    40333312     -198656
        693    40089600     -239616
        693    40142848     -202752
        693    40128512     -161792
        693    40292352     -278528
        694   -39915520     -184320
        694   -39974912     -339968
        694    40089600     -303104
        694   -39903232     -532480
        694   -39841792     -411648
        695    40282112           0
        695    40525824      -88064
        695    40404992     -141312
        695   -39913472      -40960
        695   -40097792     -108544
        696   -39956480     -260096
        696   -40017920     -278528
        696    40642560       30720
        696    40753152      202752
        696   -40228864     1945600
        697    40820736    -3993600
        697        2048       -2048
        697        4096           0
        697           0           0
        697           0           0
        698           0           0
        698           0           0
        698           0           0
        698           0           0
        698           0       -2048
        699           0           0
        699           0           0
        699   -40175616    -3590144
        699    40237056     2117632
        699   -40345600      403456
        700   -40167424      563200
        700    40253440      317440
        700    40222720      243712
        700    40206336      155648
        700   -40460288      204800
        701    40126464      196608
        701    40097792      100352
        701   -40138752      284672
        701    39630848       26624
        701   -40235008      253952
        702   -40212480      380928
        702   -40579072      311296
        702    39954432      260096
        702   -40491008      159744
        702   -40421376      149504
        703   -40345600           0
        703    39817216      129024
        703   -40491008     -159744
        703    40089600       -8192
        703    39964672     -163840
        704   -40130560     -108544
        704    39901184       30720
        704   -40222720     -202752
        751    40089600     -239616
        752    -7944192    39262208
        752   -22249472   -33511424
        752     7931904   -39145472
        771     -256000     -311296
        772    40097792     -100352
        772    40126464     -196608
        772   -40187904     -122880
        772   -40361984     -217088
        772    40222720     -243712
        773   -40413184     -198656
        773    40089600     -239616
        773   -40144896     -202752
        773   -40089600     -239616
        773    40292352     -278528
        774    40280064     -337920
        774   -39974912     -339968
        774    40089600     -303104
        774   -39903232     -532480
        774   -39841792     -411648
        775   -39997440     -286720
        775   -40214528     -169984
        775   -40071168      -83968
        775   -39913472      -40960
        775   -40097792     -108544
        776   -39956480     -260096
        776    40570880      -38912
        776   -40058880     -292864
        776    40753152      202752
        776    40634368    -1927168
        777   -40192000     3850240
        777           0           0
        777           0           0
        777           0           0
        777           0           0
        778           0           0
        778           0           0
        778           0           0
        778           0           0
        778           0       -2048
        779        2048        2048
        779           0           0
        779    40437760     4175872
        779    40237056     2117632
        779   -40345600      403456
        780   -40167424      563200
        780    40253440      317440
        780    40222720      243712
        780   -40361984      217088
        780   -40460288      204800
        781   -40296448      417792
        781   -40353792      210944
        781   -40138752      284672
        781   -40249344      485376
        781    39622656      -86016
        782    39776256       81920
        782    39833600           0
        782    39954432      260096
        782    40095744      -79872
        782   -40421376      149504
        783    39942144           0
        783    39817216      129024
        783    40095744       79872
        783   -40476672     -110592
        783   -40337408        8192
        784    39776256      -81920
        784   -40235008     -256000
        784   -40222720     -202752
        831    40089600     -239616
        832    -7944192    39262208
        832   -22249472   -33511424
        832     7931904   -39145472
        851     -256000     -311296
        852    40097792     -100352
        852    40126464     -196608
        852    39995392     -233472
        852   -40361984     -217088
        852    40222720     -243712
        853   -40413184     -198656
        853    40089600     -239616
        853    40142848     -202752
        853    40128512     -161792
        853   -40214528     -116736
        854   -39915520     -184320
        854    40282112     -405504
        854    40089600     -303104
        854    40349696     -139264
        854   -39841792     -411648
        855   -39997440     -286720
        855   -40214528     -169984
        855    40404992     -141312
        855    40542208      -69632
        855    40470528      -47104
        856   -39956480     -260096
        856    40570880      -38912
        856   -40058880     -292864
        856   -40144896           0
        856   -40228864     1945600
        857    40820736    -3993600
        857        2048       -2048
        857        4096           0
        857           0           0
        857        2048           0
        858           0           0
        858           0           0
        858           0           0
        858           0           0
        858        2048       -2048
        859           0           0
        859           0           0
        859   -40175616    -3590144
        859   -40218624    -1714176
        859    40142848      200704
        860   -40167424      563200
        860    40253440      317440
        860    40222720      243712
        860    40206336      155648
        860   -40460288      204800
        861   -40351744      137216
        861    40097792      100352
        861   -40138752      284672
        861    39630848       26624
        861    39622656      -86016
        862    39776256       81920
        862    39833600           0
        862   -40476672      108544
        862   -40491008      159744
        862   -40421376      149504
        863    39942144           0
        863    39817216      129024
        863   -40491008     -159744
        863    40089600       -8192
        863    39964672     -163840
        864    39776256      -81920
        864    39901184       30720
        864   -40222720     -202752
        911   -40128512     -161792
        912     7905280   -39663616
        912    22634496    33392640
        912    -8050688    39530496
        931     -256000     -311296
        932   -40353792     -210944
        932    40126464     -196608
        932   -40187904     -122880
        932   -40361984     -217088
        932   -40341504     -143360
        933    40333312     -198656
        933   -40128512     -161792
        933    40142848     -202752
        933   -40089600     -239616
        933    40292352     -278528
        934    40280064     -337920
        934    40282112     -405504
        934    40089600     -303104
        934    40349696     -139264
        934    40353792     -210944
        935   -39997440           0
        935   -40214528     -169984
        935   -40071168      -83968
        935   -39913472      -40960
        935   -40097792     -108544
        936    40474624     -110592
        936   -40175616      -40960
        936   -40019968      110592
        936    40550400           0
        936    40634368    -1927168
        937   -40415232     4032512
        937        2048           0
        937        4096           0
        937           0           0
        937           0           0
        938           0           0
        938           0           0
        938           0           0
        938        2048       -2048
        938           0       -2048
        939        2048        2048
        939           0           0
        939    40437760     4175872
        939    40237056     2117632
        939    40142848      200704
        940   -40128512      161792
        940   -40333312       77824
        940   -40341504      141312
        940    40206336      155648
        940    39995392      231424
        941   -40351744      137216
        941   -40353792      210944
        941    39854080      284672
        941    39913472       53248
        941    39901184      -30720
        942    39776256       81920
        942   -40470528       47104
        942    40089600        8192
        942   -40491008      159744
        942    40017920     -110592
        943   -40345600           0
        943   -40218624     -169984
        943    40095744       79872
        943    40089600       -8192
        943    39964672     -163840
        944    39776256      -81920
        944    39901184       30720
        944   -40222720     -202752
        991   -40128512     -161792
        992     7905280   -39663616
        992    22634496    33392640
        992    -8050688    39530496
       1011     -256000     -311296
       1012   -40353792     -210944
       1012   -40351744     -139264
       1012   -40187904     -122880
       1012    40206336     -155648
       1012    40222720     -243712
       1013   -40413184     -198656
       1013   -40128512     -161792
       1013   -40144896     -202752
       1013    40128512     -161792
       1013   -40214528     -116736
       1014   -40165376      -49152
       1014    40282112     -405504
       1014   -39901184      -53248
       1014    40349696     -139264
       1014   -40097792     -100352
       1015    40282112     -286720
       1015    40525824      -88064
       1015   -40071168      -83968
       1015   -39913472      -40960
       1015    40470528      -47104
       1016    40474624     -110592
       1016   -40175616      -40960
       1016   -40019968      110592
       1016    40550400           0
       1016   -40228864     1945600
       1017    40820736    -3993600
       1017           0       -2048
       1017           0           0
       1017           0           0
       1017           0           0
       1018           0           0
       1018           0           0
       1018           0           0
       1018        2048           0
       1018           0           0
       1019           0           0
       1019           0           0
       1019   -40398848    -3772416
       1019   -40218624    -1714176
       1019   -40144896      200704
       1020    40089600      239616
       1020    40253440      317440
       1020   -40341504      141312
       1020    40206336      155648
       1020    39995392      231424
       1021   -40351744      137216
       1021    40097792      100352
       1021    39854080           0
       1021   -40222720      202752
       1021    39901184      -30720
       1022   -40130560      108544
       1022    40097792      108544
       1022   -40476672      108544
       1022   -40491008      159744
       1022    40017920     -110592
       1023   -40345600           0
       1023   -40218624     -169984
       1023    40095744       79872
       1023   -40476672     -110592
       1023   -40337408        8192
       1024   -40130560     -108544
       1024    39901184       30720
       1024    39913472      -53248
       1071   -40128512     -161792
       1072     7905280   -39663616
       1072    22634496    33392640
       1072    -8050688    39530496
       1091     -256000     -311296
       1092    40097792     -100352
       1092   -40351744     -139264
       1092   -40187904     -122880
       1092   -40361984     -217088
       1092   -40341504     -143360
       1093    40333312     -198656
       1093   -40128512     -161792
       1093   -40144896     -202752
       1093   -40089600     -239616
       1093    40292352     -278528
       1094    40280064     -337920
       1094   -40128512       32768
       1094    40089600     -303104
       1094    40349696     -139264
       1094   -40097792     -100352
       1095    40282112           0
       1095    40525824      -88064
       1095   -40071168      -83968
       1095    40267776     -151552
       1095    40470528      -47104
       1096    40474624     -110592
       1096   -40175616      -40960
       1096   -40019968      110592
       1096    40550400           0
       1096   -40228864     1945600
       1097   -40415232     4032512
       1097           0           0
       1097        2048        2048
       1097           0           0
       1097        2048       -2048
       1098           0           0
       1098           0           0
       1098           0           0
       1098        2048       -2048
       1098           0           0
       1099           0        2048
       1099           0           0
       1099   -40398848    -3772416
       1099   -40218624    -1714176
       1099   -40144896      200704
       1100   -40128512      161792
       1100    40253440      317440
       1100   -40341504      141312
       1100   -40361984      217088
       1100    39995392      231424
       1101   -40351744      137216
       1101    40097792      100352
       1101   -40138752      284672
       1101    39913472       53248
       1101    39901184      -30720
       1102   -40130560      108544
       1102   -40470528       47104
       1102    40089600        8192
       1102   -40491008      159744
       1102    40017920     -110592
       1103   -40345600           0
       1103   -40218624     -169984
       1103   -40491008     -159744
       1103    40089600       -8192
       1103   -40337408        8192
       1104    39776256      -81920
       1104    39901184       30720
       1104    39913472      -53248
       1151           0           0
       1152           0           0
       1152           0           0
       1152           0           0
