        591      38777
        592      38777
        592      38838
        592      38838
        611      38729
        612      38729
        612      38722
        612      38844
        612      38900
        612      38838
        613      38924
        613      38777
        613      38809
        613      38777
        613      38693
        614      38724
        614      38749
        614      38658
        614      38722
        614      38729
        615      38920
        615      39006
        615      38722
        615      38844
        615      38900
        616      38838
        616      38924
        616      38992
        616      39204
        616      39492
        617      39782
        617          2
        617          4
        617          0
        617          2
        618          0
        618          0
        618          0
        618          2
        618          2
        619          2
        619          0
        619      39386
        619      39096
        619      38809
        620      38777
        620      38770
        620      38838
        620      38900
        620      38844
        621      38722
        621      38729
        621      38642
        621      38426
        621      38396
        622      38578
        622      38900
        622      38838
        622      38770
        622      38992
        623      38809
        623      38600
        623      38770
        623      38838
        623      38642
        624      38578
        624      38396
        624      38426
        671      38777
        672      38777
        672      38838
        672      38838
        691      38729
        692      38729
        692      38722
        692      38844
        692      38900
        692      38838
        693      38924
        693      38777
        693      38809
        693      38777
        693      38693
        694      38724
        694      38749
        694      38658
        694      38722
        694      38729
        695      38920
        695      39006
        695      38722
        695      38844
        695      38900
        696      38838
        696      38924
        696      38992
        696      39204
        696      39492
        697      39782
        697          2
        697          4
        697          0
        697          2
        698          0
        698          0
        698          0
        698          2
        698          2
        699          2
        699          0
        699      39386
        699      39096
        699      38809
        700      38777
        700      38770
        700      38838
        700      38900
        700      38844
        701      38722
        701      38729
        701      38642
        701      38426
        701      38396
        702      38578
        702      38900
        702      38838
        702      38770
        702      38992
        703      38809
        703      38600
        703      38770
        703      38838
        703      38642
        704      38578
        704      38396
        704      38426
        751      38777
        752      38777
        752      38838
        752      38838
        771      38729
        772      38729
        772      38722
        772      38844
        772      38900
        772      38838
        773      38924
        773      38777
        773      38809
        773      38777
        773      38693
        774      38724
        774      38749
        774      38658
        774      38722
        774      38729
        775      38920
        775      39006
        775      38722
        775      38844
        775      38900
        776      38838
        776      38924
        776      38992
        776      39204
        776      39492
        777      39782
        777          2
        777          4
        777          0
        777          2
        778          0
        778          0
        778          0
        778          2
        778          2
        779          2
        779          0
        779      39386
        779      39096
        779      38809
        780      38777
        780      38770
        780      38838
        780      38900
        780      38844
        781      38722
        781      38729
        781      38642
        781      38426
        781      38396
        782      38578
        782      38900
        782      38838
        782      38770
        782      38992
        783      38809
        783      38600
        783      38770
        783      38838
        783      38642
        784      38578
        784      38396
        784      38426
        831      38777
        832      38777
        832      38838
        832      38838
        851      38729
        852      38729
        852      38722
        852      38844
        852      38900
        852      38838
        853      38924
        853      38777
        853      38809
        853      38777
        853      38693
        854      38724
        854      38749
        854      38658
        854      38722
        854      38729
        855      38920
        855      39006
        855      38722
        855      38844
        855      38900
        856      38838
        856      38924
        856      38992
        856      39204
        856      39492
        857      39782
        857          2
        857          4
        857          0
        857          2
        858          0
        858          0
        858          0
        858          2
        858          2
        859          2
        859          0
        859      39386
        859      39096
        859      38809
        860      38777
        860      38770
        860      38838
        860      38900
        860      38844
        861      38722
        861      38729
        861      38642
        861      38426
        861      38396
        862      38578
        862      38900
        862      38838
        862      38770
        862      38992
        863      38809
        863      38600
        863      38770
        863      38838
        863      38642
        864      38578
        864      38396
        864      38426
        911      38777
        912      38777
        912      38838
        912      38838
        931      38729
        932      38729
        932      38722
        932      38844
        932      38900
        932      38838
        933      38924
        933      38777
        933      38809
        933      38777
        933      38693
        934      38724
        934      38749
        934      38658
        934      38722
        934      38729
        935      38920
        935      39006
        935      38722
        935      38844
        935      38900
        936      38838
        936      38924
        936      38992
        936      39204
        936      39492
        937      39782
        937          2
        937          4
        937          0
        937          2
        938          0
        938          0
        938          0
        938          2
        938          2
        939          2
        939          0
        939      39386
        939      39096
        939      38809
        940      38777
        940      38770
        940      38838
        940      38900
        940      38844
        941      38722
        941      38729
        941      38642
        941      38426
        941      38396
        942      38578
        942      38900
        942      38838
        942      38770
        942      38992
        943      38809
        943      38600
        943      38770
        943      38838
        943      38642
        944      38578
        944      38396
        944      38426
        991      38777
        992      38777
        992      38838
        992      38838
       1011      38729
       1012      38729
       1012      38722
       1012      38844
       1012      38900
       1012      38838
       1013      38924
       1013      38777
       1013      38809
       1013      38777
       1013      38693
       1014      38724
       1014      38749
       1014      38658
       1014      38722
       1014      38729
       1015      38920
       1015      39006
       1015      38722
       1015      38844
       1015      38900
       1016      38838
       1016      38924
       1016      38992
       1016      39204
       1016      39492
       1017      39782
       1017          2
       1017          4
       1017          0
       1017          2
       1018          0
       1018          0
       1018          0
       1018          2
       1018          2
       1019          2
       1019          0
       1019      39386
       1019      39096
       1019      38809
       1020      38777
       1020      38770
       1020      38838
       1020      38900
       1020      38844
       1021      38722
       1021      38729
       1021      38642
       1021      38426
       1021      38396
       1022      38578
       1022      38900
       1022      38838
       1022      38770
       1022      38992
       1023      38809
       1023      38600
       1023      38770
       1023      38838
       1023      38642
       1024      38578
       1024      38396
       1024      38426
       1071      38777
       1072      38777
       1072      38838
       1072      38838
       1091      38729
       1092      38729
       1092      38722
       1092      38844
       1092      38900
       1092      38838
       1093      38924
       1093      38777
       1093      38809
       1093      38777
       1093      38693
       1094      38724
       1094      38749
       1094      38658
       1094      38722
       1094      38729
       1095      38920
       1095      39006
       1095      38722
       1095      38844
       1095      38900
       1096      38838
       1096      38924
       1096      38992
       1096      39204
       1096      39492
       1097      39782
       1097          2
       1097          4
       1097          0
       1097          2
       1098          0
       1098          0
       1098          0
       1098          2
       1098          2
       1099          2
       1099          0
       1099      39386
       1099      39096
       1099      38809
       1100      38777
       1100      38770
       1100      38838
       1100      38900
       1100      38844
       1101      38722
       1101      38729
       1101      38642
       1101      38426
       1101      38396
       1102      38578
       1102      38900
       1102      38838
       1102      38770
       1102      38992
       1103      38809
       1103      38600
       1103      38770
       1103      38838
       1103      38642
       1104      38578
       1104      38396
       1104      38426
       1151      38777
       1152      38777
       1152      38838
       1152      38838
