        609           0
        609           0
        610           0
        610           0
        610           0
        610           0
        610           0
        611           0
        611           0
        611           0
        611           1
        611           1
        612           1
        612           1
        612           1
        612           1
        612           1
        613           1
        613           1
        613           1
        613           1
        613           2
        614           2
        614           2
        614           2
        614           2
        614           2
        615           2
        615           2
        615           2
        615           2
        615           2
        616           3
        616          -2
        616          -2
        616          -2
        616          -2
        617          -2
        617          -2
        617          -2
        617          -2
        617          -2
        618          -1
        618          -1
        618          -1
        618          -1
        618          -1
        619          -1
        619          -1
        619          -1
        619          -1
        619          -1
        620          -1
        620           0
        620           0
        620           0
        620           0
        621           0
        621           0
        621           0
        621           0
        621           0
        622           0
        622           0
        689           0
        689           0
        690           0
        690           0
        690           0
        690           0
        690           0
        691           0
        691           0
        691           0
        691           1
        691           1
        692           1
        692           1
        692           1
        692           1
        692           1
        693           1
        693           1
        693           1
        693           1
        693           2
        694           2
        694           2
        694           2
        694           2
        694           2
        695           2
        695           2
        695           2
        695           2
        695           2
        696           3
        696          -2
        696          -2
        696          -2
        696          -2
        697          -2
        697          -2
        697          -2
        697          -2
        697          -2
        698          -1
        698          -1
        698          -1
        698          -1
        698          -1
        699          -1
        699          -1
        699          -1
        699          -1
        699          -1
        700          -1
        700           0
        700           0
        700           0
        700           0
        701           0
        701           0
        701           0
        701           0
        701           0
        702           0
        702           0
        769           0
        769           0
        770           0
        770           0
        770           0
        770           0
        770           0
        771           0
        771           0
        771           0
        771           1
        771           1
        772           1
        772           1
        772           1
        772           1
        772           1
        773           1
        773           1
        773           1
        773           1
        773           2
        774           2
        774           2
        774           2
        774           2
        774           2
        775           2
        775           2
        775           2
        775           2
        775           2
        776           3
        776          -2
        776          -2
        776          -2
        776          -2
        777          -2
        777          -2
        777          -2
        777          -2
        777          -2
        778          -1
        778          -1
        778          -1
        778          -1
        778          -1
        779          -1
        779          -1
        779          -1
        779          -1
        779          -1
        780          -1
        780           0
        780           0
        780           0
        780           0
        781           0
        781           0
        781           0
        781           0
        781           0
        782           0
        782           0
        849           0
        849           0
        850           0
        850           0
        850           0
        850           0
        850           0
        851           0
        851           0
        851           0
        851           1
        851           1
        852           1
        852           1
        852           1
        852           1
        852           1
        853           1
        853           1
        853           1
        853           1
        853           2
        854           2
        854           2
        854           2
        854           2
        854           2
        855           2
        855           2
        855           2
        855           2
        855           2
        856           3
        856          -2
        856          -2
        856          -2
        856          -2
        857          -2
        857          -2
        857          -2
        857          -2
        857          -2
        858          -1
        858          -1
        858          -1
        858          -1
        858          -1
        859          -1
        859          -1
        859          -1
        859          -1
        859          -1
        860          -1
        860           0
        860           0
        860           0
        860           0
        861           0
        861           0
        861           0
        861           0
        861           0
        862           0
        862           0
        929           0
        929           0
        930           0
        930           0
        930           0
        930           0
        930           0
        931           0
        931           0
        931           0
        931           0
        931           0
        932           0
        932           0
        932           0
        932           0
        932           0
        933           0
        933           0
        933           0
        933           0
        933           0
        934           0
        934           0
        934           0
        934           0
        934           0
        935           0
        935           0
        935           0
        935           0
        935           0
        936           0
        936           0
        936           0
        936           0
        936           0
        937           0
        937           0
        937           0
        937           0
        937           0
        938           0
        938           0
        938           0
        938           0
        938           0
        939           0
        939           0
        939           0
        939           0
        939           0
        940           0
        940           0
        940           0
        940           0
        940           0
        941           0
        941           0
        941           0
        941           0
        941           0
        942           0
        942           0
       1009           0
       1009           0
       1010           0
       1010           0
       1010           0
       1010           0
       1010           0
       1011           0
       1011           0
       1011           0
       1011           0
       1011           0
       1012           0
       1012           0
       1012           0
       1012           0
       1012           0
       1013           0
       1013           0
       1013           0
       1013           0
       1013           0
       1014           0
       1014           0
       1014           0
       1014           0
       1014           0
       1015           0
       1015           0
       1015           0
       1015           0
       1015           0
       1016           0
       1016           0
       1016           0
       1016           0
       1016           0
       1017           0
       1017           0
       1017           0
       1017           0
       1017           0
       1018           0
       1018           0
       1018           0
       1018           0
       1018           0
       1019           0
       1019           0
       1019           0
       1019           0
       1019           0
       1020           0
       1020           0
       1020           0
       1020           0
       1020           0
       1021           0
       1021           0
       1021           0
       1021           0
       1021           0
       1022           0
       1022           0
       1089           0
       1089           0
       1090           0
       1090           0
       1090           0
       1090           0
       1090           0
       1091           0
       1091           0
       1091           0
       1091           0
       1091           0
       1092           0
       1092           0
       1092           0
       1092           0
       1092           0
       1093           0
       1093           0
       1093           0
       1093           0
       1093           0
       1094           0
       1094           0
       1094           0
       1094           0
       1094           0
       1095           0
       1095           0
       1095           0
       1095           0
       1095           0
       1096           0
       1096           0
       1096           0
       1096           0
       1096           0
       1097           0
       1097           0
       1097           0
       1097           0
       1097           0
       1098           0
       1098           0
       1098           0
       1098           0
       1098           0
       1099           0
       1099           0
       1099           0
       1099           0
       1099           0
       1100           0
       1100           0
       1100           0
       1100           0
       1100           0
       1101           0
       1101           0
       1101           0
       1101           0
       1101           0
       1102           0
       1102           0
