          2          0
          3          0
          4          0
          5          0
          6          1
          7          2
          8          4
          9          4
         10          4
         11          4
         12          4
         13          4
         14          4
         15          4
         16          4
         17          4
         18          4
         19          4
         20          3
         21          3
         22          2
         23          1
         24          0
         25          0
         26          0
         27          0
         28          0
         29          0
         30          0
         31          0
         32          0
         33          0
         34          0
         35          0
         36          0
         37          0
         38          0
         39          0
         40          0
         41          0
         42          0
         43          0
         44          0
         45          0
         46          0
         47          0
         48          0
         49          0
         50          0
         51          0
         52          0
         53          0
         54          0
         55          0
         56          0
         57          0
         58          0
         59          0
         60          0
         61          0
         62          0
         63          0
         64          0
         65          0
         66          0
         67          0
         68          0
         69          0
         70          0
         71          0
         72          0
         73          0
         74          0
         75          0
         76          0
         77          0
         78          0
         79          0
         80          0
         81          0
         82          0
         83          0
         84          0
         85          0
         86          0
         87          0
         88          0
         89          0
         90          0
         91          0
         92          0
         93          0
         94          0
         95          0
         96          0
         97          0
         98          0
         99          0
        100          0
        101          0
        102     688900
        103    3545842
        104    4579372
        105    7923953
        106    9302168
        107   12646749
        108   13680279
        109   16537221
        110   17226121
        111   20083064
        112   21116593
        113   24461174
        114   25839389
        115   29183971
        116   30217500
        117   33074443
        118   33074443
        119   33074443
        120   33074443
        121   33074443
        122   33074443
        123   33074443
        124   33074443
        125   33074443
        126   33074443
        127   33074443
        128   33074443
        129   33074443
        130   33074443
        131   33074443
        132   33074443
        133   33074443
        134   33074443
        135   33074443
        136   33074443
        137   33074443
        138   33074443
        139   33074443
        140   33074443
        141   33074443
        142   33074443
        143   33074443
        144   33074443
        145   33074443
        146   33074443
        147   33074443
        148   33074443
        149   33074443
        150   33074443
        151   33074443
        152   33074443
        153   33074443
        154   33074443
        155   33074443
        156   33074443
        157   33074443
        158   33074443
        159   33074443
        160   33074443
        161   33074443
        162   33074443
        163   33074443
        164   33074443
        165   33074443
        166   33074443
        167   33074443
        168   33074443
        169   33074443
        170   33074443
        171   33074443
        172   33074443
        173   33074443
        174   33074443
        175   33074443
        176   33074443
        177   33074443
        178   33074443
        179   33074443
        180   33074443
        181   33074443
        182   33074443
        183   33074443
        184   33074443
        185   33074443
        186   33074443
        187   33074443
        188   33074443
        189   33074443
        190   33074443
        191   33074443
        192   33074443
        193   33074443
        194   33074443
        195   33074443
        196   33074443
        197   33074443
        198   33074443
        199   33074443
        200   33074443
        201   33074443
        202   33074443
        203   33074443
        204   33074443
        205   33074443
        206   33074443
        207   33074443
        208   33074443
        209   33074443
        210   33074443
        211   33074443
        212   33074443
        213   33074443
        214   33074443
        215   33074443
        216   33074443
        217   33074443
        218   33074443
        219   33074443
        220   33074443
        221   33074443
        222   33074443
        223   33074443
        224   33074443
       1156          0
       1157          0
       1158          0
       1159          0
       1160          0
       1161          0
       1162          0
       1163          0
       1164          0
       1165          0
       1166          0
       1167          0
       1168          0
       1169          0
       1170          0
       1171          0
       1172          0
       1173          0
       1174          0
       1175          1
       1176          2
       1177          3
       1178          3
       1179          4
       1180          4
       1181          4
       1182          4
       1183          4
       1184          4
       1185          4
       1186          4
       1187          4
       1188          4
       1189          4
       1190          4
       1191          2
       1192          1
       1193          0
       1194          0
       1195          0
       1196          0
       1197          0
       1198          0
       1199          0
       1200          0
       1201          0
       1202          0
       1203          0
       1204          0
       1205          0
       1206          0
       1207          0
       1208          0
       1209          0
       1210          0
       1211          0
       1212          0
       1213          0
       1214          0
       1215          0
       1216          0
       1217          0
       1218          0
       1219          0
       1220          0
       1221          0
       1222          0
       1223          0
       1224          0
       1225          0
       1226          0
       1227          0
       1228          0
       1229          0
       1230          0
       1231          0
       1232          0
       1233          0
       1234          0
       1235          0
