        589           0
        589           0
        590           0
        590           0
        669           0
        669           0
        670           0
        670           0
        749           0
        749           0
        750           0
        750           0
        829           0
        829           0
        830           0
        830           0
        909           0
        909           0
        910           0
        910           0
        989           0
        989           0
        990           0
        990           0
       1069           0
       1069           0
       1070           0
       1070           0
       1149           0
       1149           0
       1150           0
       1150           0
