        571       39169          38
        573       39150          -8
        578       39215        -115
        581       38991         -39
        651       39169          38
        653       39150          -8
        658       39215        -115
        661       38991         -39
        731       39169          38
        733       39150          -8
        738       39215        -115
        741       38991         -39
        811       39169          38
        813       39150          -8
        818       39215        -115
        821       38991         -39
        891       39188        -158
        893       39338          49
        898       39273          73
        901       39187         -59
        971       39188        -158
        973       39338          49
        978       39273          73
        981       39187         -59
       1051       39188        -158
       1053       39338          49
       1058       39273          73
       1061       39187         -59
       1131           0           0
       1133           0           0
       1138           0           0
       1141           0           0
