        570    215   -177
        573   -131   -246
        577   -131    246
        580    215    176
        650    215   -177
        653   -131   -246
        657   -131    246
        660    215    176
        730    215   -177
        733   -131   -246
        737   -131    246
        740    215    176
        810    215   -177
        813   -131   -246
        817   -131    246
        820    215    176
        890    215   -177
        893   -131   -246
        897   -131    246
        900    215    176
        970    215   -177
        973   -131   -246
        977   -131    246
        980    215    176
       1050    215   -177
       1053   -131   -246
       1057   -131    246
       1060    215    176
       1130    215   -177
       1133   -131   -246
       1137   -131    246
       1140    215    176
