        600      3
        600      0
        600     -3
        600     -1
        680      3
        680      0
        680     -3
        680     -1
        760      3
        760      0
        760     -3
        760     -1
        840      3
        840      0
        840     -3
        840     -1
        920     -2
        920      1
        920      1
        920     -2
       1000     -2
       1000      1
       1000      1
       1000     -2
       1080     -2
       1080      1
       1080      1
       1080     -2
