        592      156525        -124
        592      156525        -124
        592      156525        -124
        592      156525        -124
        672      156525        -124
        672      156525        -124
        672      156525        -124
        672      156525        -124
        752      156525        -124
        752      156525        -124
        752      156525        -124
        752      156525        -124
        832      156525        -124
        832      156525        -124
        832      156525        -124
        832      156525        -124
        912      156986         -95
        912      156986         -95
        912      156986         -95
        912      156986         -95
        992      156986         -95
        992      156986         -95
        992      156986         -95
        992      156986         -95
       1072      156986         -95
       1072      156986         -95
       1072      156986         -95
       1072      156986         -95
       1152           0           0
       1152           0           0
       1152           0           0
       1152           0           0
