         19           0           0
         20           0           0
         21           0           0
         22           0           0
         23           0           0
         24           0           0
         25           0           0
         26           0           0
         27           0           0
         28           0           0
         29           0           0
         30           0           0
         31           0           0
         32           0           0
         33           0           0
         34           0           0
         35           0           0
         36           0           0
         37           0           0
         38           0           0
         39           0           0
         40           0           0
         41           0           0
         42           0           0
         43           0           0
         44           0           0
         45           0           0
         46           0           0
         47           0           0
         48           0           0
         49           0           0
         50           0           0
         51           0           0
         52           0           0
         53           0           0
         54           0           0
         55           0           0
         56           0           0
         57           0           0
         58           0           0
         59           0           0
         60           0           0
         61           0           0
         62           0           0
         63           0           0
         64           0           0
         65           0           0
         66           0           0
         67           0           0
         68           0           0
         69           0           0
         70           0           0
         71           0           0
         72           0           0
         73           0           0
         74           0           0
         75           0           0
         76           0           0
         77           0           0
         78           0           0
         79           0           0
         80           0           0
         81           0           0
         82           0           0
         83           0           0
         84           0           0
         85           0           0
         86           0           0
         87           0           0
         88           0           0
         89           0           0
         90           0           0
         91           0           0
         92           0           0
         93           0           0
         94           0           0
         95           0           0
         96           0           0
         97           0           0
         98           0           0
         99           0           0
        100           0           0
        101           0           0
        102           0           0
        103           0           0
        104           0           0
        105           0           0
        106           0           0
        107           0           0
        108           0           0
        109           0           0
        110           0           0
        111           0           0
        112           0           0
        113           0           0
        114           0           0
        115           0           0
        116           0           0
        117           0           0
        118      172225           0
        119      886460           0
        120     1144843           0
        121     1980988           0
        122     2325542           0
        123     3161687           0
        124     3420069           0
        125     4134305           0
        126     4306530           0
        127     5020766           0
        128     5279148           0
        129     6115293           0
        130     6459847           0
        131     7295992           0
        132     7554375           0
        133     8268610           0
        134     8440835           0
        135     9155071           0
        136     9413453           0
        137    10249599           0
        138    10594152           0
        139    11430298           0
        140    11688680           0
        141    12402916           0
        142    12575141           0
        143    13289376           0
        144    13547759           0
        145    14383904           0
        146    14728458           0
        147    15564603           0
        148    15822986           0
        149    16537221           0
        150    16709446           0
        151    17423682           0
        152    17682064           0
        153    18518209           0
        154    18862763           0
        155    19698908           0
        156    19957291           0
        157    20671527           0
        158    20843752           0
        159    21557987           0
        160    21816370           0
        161    22652515           0
        162    22997069           0
        163    23833214           0
        164    24091596           0
        165    24805832           0
        166    24978057           0
        167    25692293           0
        168    25950675           0
        169    26786820           0
        170    27131374           0
        171    27967519           0
        172    28225902           0
        173    28940137           0
        174    29112362           0
        175    29826598           0
        176    30084980           0
        177    30921126           0
        178    31265679           0
        179    32101825           0
        180    32360207           0
        181    33074443           0
        182    33074443           0
        183    33074443           0
        184    33074443           0
        185    33074443           0
        186    33074443           0
        187    33074443           0
        188    33074443           0
        189    33074443           0
        190    33074443           0
        191    33074443           0
        192    33074443           0
        193    33074443           0
        194    33074443           0
        195    33074443           0
        196    33074443           0
        197    33074443           0
        198    33074443           0
        199    33074443           0
        200    33074443           0
        201    33074443           0
        202    33074443           0
        203    33074443           0
        204    33074443           0
        205    33074443           0
        206    33074443           0
        207    33074443           0
        208    33074443           0
        209    33074443           0
        210    33074443           0
        211    33074443           0
        212    33074443           0
        213    33074443           0
        214    33074443           0
        215    33074443           0
        216    33074443           0
        217    33074443           0
        218    33074443           0
        219    33074443           0
        220    33074443           0
        221    33074443           0
        222    33074443           0
        223    33074443           0
        224    33074443           0
       1156           0           0
       1157           0           0
       1158           0           0
       1159           0           0
       1160           0           0
       1161           0           0
       1162           0           0
       1163           0           0
       1164           0           0
       1165           0           0
       1166           0           0
       1167           0           0
       1168           0           0
       1169           0           0
       1170           0           0
       1171           0           0
       1172           0           0
       1173           0           0
       1174           0           0
       1175           0           0
       1176           0           0
       1177           0           0
       1178           0           0
       1179           0           0
       1180           0           0
       1181           0           0
       1182           0           0
       1183           0           0
       1184           0           0
       1185           0           0
       1186           0           0
       1187           0           0
       1188           0           0
       1189           0           0
       1190           0           0
       1191           0           0
       1192           0           0
       1193           0           0
       1194           0           0
       1195           0           0
       1196           0           0
       1197           0           0
       1198           0           0
       1199           0           0
       1200           0           0
       1201           0           0
       1202           0           0
       1203           0           0
       1204           0           0
       1205           0           0
       1206           0           0
       1207           0           0
       1208           0           0
       1209           0           0
       1210           0           0
       1211           0           0
       1212           0           0
       1213           0           0
       1214           0           0
       1215           0           0
       1216           0           0
       1217           0           0
       1218           0           0
       1219           0           0
       1220           0           0
       1221           0           0
       1222           0           0
       1223           0           0
       1224           0           0
       1225           0           0
       1226           0           0
       1227           0           0
       1228           0           0
       1229           0           0
       1230           0           0
       1231           0           0
       1232           0           0
       1233           0           0
       1234           0           0
       1235           0           0
