        609     -1     -1       0
        610    280    -28       0
        610   -277     54       0
        610   -270     81       0
        610   -261    107       0
        610    248   -133       0
        611   -235    156       0
        611    217   -179       0
        611   -200    199       0
        611   -179    217       0
        611   -157    234       1
        612    132   -249       1
        612    107   -261       1
        612    -82    269       1
        612    -56    276       1
        612     27   -281       1
        613      0    281       1
        613    -28   -281       1
        613    -56   -277       1
        613     81    269       1
        613    107    260       1
        614    132    248       2
        614    156    234       2
        614    178    217       2
        614   -200   -200       2
        614    218    178       2
        615    234    156       2
        615     -1     -1       2
        615      0      0       2
        615      0      0       2
        615      0      0       2
        616      0      0       2
        616      0      0       3
        616     -1      0      -2
        616      0      0      -2
        616      0      0      -2
        617      0     -1      -2
        617     -1      0      -2
        617   -235    156      -2
        617   -218    178      -2
        617    199   -200      -2
        618   -179    218      -2
        618   -157    234      -1
        618   -133    248      -1
        618    107   -261      -1
        618    -82    269      -1
        619    -55    276      -1
        619     27   -281      -1
        619      0   -282      -1
        619    -28   -281      -1
        619    -56   -277      -1
        620     81    269      -1
        620   -108   -261      -1
        620   -133   -249       0
        620   -157   -235       0
        620   -179   -218       0
        621   -200   -200       0
        621    217    178       0
        621    234    156       0
        621   -249   -133       0
        621   -261   -108       0
        622    269     81       0
        622    276     55       0
        622   -281    -28       0
        689     -1     -1       0
        690    280    -28       0
        690    276    -56       0
        690    269    -82       0
        690    260   -108       0
        690   -249    132       0
        691    234   -157       0
        691    217   -179       0
        691    199   -200       0
        691    178   -218       0
        691    156   -235       1
        692   -133    248       1
        692   -108    260       1
        692     81   -270       1
        692    -56    276       1
        692    -28    280       1
        693      0   -282       1
        693    -28   -281       1
        693    -56   -277       1
        693     81    269       1
        693    107    260       1
        694    132    248       2
        694    156    234       2
        694   -179   -218       2
        694   -200   -200       2
        694    217    178       2
        695   -235   -157       2
        695     -1      0       2
        695     -1      0       2
        695     -1      0       2
        695      0      0       2
        696      0     -1       2
        696      0     -1       3
        696      0     -1      -2
        696      0      0      -2
        696     -1      0      -2
        697      0      0      -2
        697      0      0      -2
        697    234   -157      -2
        697   -218    178      -2
        697    199   -200      -2
        698    178   -218      -2
        698   -157    234      -1
        698   -133    248      -1
        698   -108    260      -1
        698     81   -270      -1
        699    -55    276      -1
        699    -28    280      -1
        699     -1   -282      -1
        699     27    280      -1
        699    -55   -277      -1
        700    -82   -270      -1
        700   -108   -261      -1
        700    132    248       0
        700   -157   -235       0
        700   -179   -218       0
        701   -200   -200       0
        701    217    178       0
        701   -235   -157       0
        701    248    132       0
        701    260    107       0
        702   -270    -82       0
        702    276     55       0
        702   -281    -28       0
        769     -1     -1       0
        770    280    -28       0
        770    276    -56       0
        770   -270     81       0
        770   -261    107       0
        770    248   -133       0
        771   -235    156       0
        771    217   -179       0
        771   -200    199       0
        771   -179    217       0
        771    156   -235       1
        772    132   -249       1
        772   -108    260       1
        772     81   -270       1
        772    -56    276       1
        772    -28    280       1
        773      0    281       1
        773     27    280       1
        773     55    276       1
        773     81    269       1
        773    107    260       1
        774    132    248       2
        774   -157   -235       2
        774    178    218       2
        774   -200   -200       2
        774   -218   -179       2
        775    234    156       2
        775      0      0       2
        775      0      0       2
        775     -1     -1       2
        775      0      0       2
        776     -1     -1       2
        776      0     -1       3
        776      0      0      -2
        776      0      0      -2
        776     -1      0      -2
        777      0     -1      -2
        777      0     -1      -2
        777   -235    156      -2
        777   -218    178      -2
        777    199   -200      -2
        778    178   -218      -2
        778   -157    234      -1
        778   -133    248      -1
        778    107   -261      -1
        778     81   -270      -1
        779     54   -277      -1
        779     27   -281      -1
        779     -1   -282      -1
        779    -28   -281      -1
        779     55    276      -1
        780     81    269      -1
        780    107    260      -1
        780    132    248       0
        780    156    234       0
        780   -179   -218       0
        781    199    199       0
        781    217    178       0
        781    234    156       0
        781   -249   -133       0
        781   -261   -108       0
        782    269     81       0
        782   -277    -56       0
        782   -281    -28       0
        849     -1     -1       0
        850    280    -28       0
        850    276    -56       0
        850    269    -82       0
        850   -261    107       0
        850    248   -133       0
        851   -235    156       0
        851    217   -179       0
        851    199   -200       0
        851    178   -218       0
        851   -157    234       1
        852   -133    248       1
        852    107   -261       1
        852     81   -270       1
        852     54   -277       1
        852    -28    280       1
        853      0    281       1
        853     27    280       1
        853    -56   -277       1
        853    -82   -270       1
        853   -108   -261       1
        854    132    248       2
        854   -157   -235       2
        854    178    218       2
        854    199    199       2
        854    217    178       2
        855   -235   -157       2
        855     -1      0       2
        855     -1     -1       2
        855      0      0       2
        855      0     -1       2
        856      0      0       2
        856     -1     -1       3
        856      0      0      -2
        856      0      0      -2
        856      0     -1      -2
        857      0      0      -2
        857      0      0      -2
        857    234   -157      -2
        857    218   -179      -2
        857   -200    199      -2
        858    178   -218      -2
        858   -157    234      -1
        858   -133    248      -1
        858   -108    260      -1
        858     81   -270      -1
        859     55   -277      -1
        859    -28    280      -1
        859     -1   -282      -1
        859     27    280      -1
        859     55    276      -1
        860     81    269      -1
        860    107    260      -1
        860   -133   -249       0
        860   -157   -235       0
        860   -179   -218       0
        861    199    199       0
        861    217    178       0
        861   -235   -157       0
        861    248    132       0
        861    260    107       0
        862    269     81       0
        862    276     55       0
        862   -281    -28       0
        929     -1     -1       0
        930   -281     27       0
        930    276    -56       0
        930   -270     81       0
        930   -261    107       0
        930   -249    132       0
        931    234   -157       0
        931   -218    178       0
        931    199   -200       0
        931   -179    217       0
        931    156   -235       0
        932    132   -249       0
        932    107   -261       0
        932     81   -270       0
        932     55   -277       0
        932     27   -281       0
        933      0    281       0
        933     27    280       0
        933     55    276       0
        933     81    269       0
        933    107    260       0
        934   -133   -249       0
        934    156    234       0
        934    178    217       0
        934   -200   -200       0
        934   -218   -179       0
        935    234    156       0
        935      0     -1       0
        935     -1     -1       0
        935      0      0       0
        935      0      0       0
        936      0      0       0
        936     -1      0       0
        936      0      0       0
        936     -1     -1       0
        936     -1      0       0
        937     -1     -1       0
        937     -1      0       0
        937   -235    156       0
        937   -218    178       0
        937   -200    199       0
        938    178   -218       0
        938    156   -235       0
        938    132   -249       0
        938   -108    260       0
        938    -82    269       0
        939     54   -277       0
        939     27   -281       0
        939     -1    281       0
        939     27    280       0
        939     55    276       0
        940     81    269       0
        940   -108   -261       0
        940    132    248       0
        940   -157   -235       0
        940    178    217       0
        941   -200   -200       0
        941   -218   -179       0
        941    234    156       0
        941    248    132       0
        941    260    107       0
        942    269     81       0
        942    276     55       0
        942   -281    -28       0
       1009     -1     -1       0
       1010   -281     27       0
       1010   -277     54       0
       1010   -270     81       0
       1010    260   -108       0
       1010    248   -133       0
       1011   -235    156       0
       1011   -218    178       0
       1011   -200    199       0
       1011    178   -218       0
       1011   -157    234       0
       1012   -133    248       0
       1012    107   -261       0
       1012    -82    269       0
       1012     54   -277       0
       1012    -28    280       0
       1013     -1   -282       0
       1013    -28   -281       0
       1013     55    276       0
       1013     81    269       0
       1013   -108   -261       0
       1014   -133   -249       0
       1014    156    234       0
       1014    178    217       0
       1014   -200   -200       0
       1014    217    178       0
       1015   -235   -157       0
       1015     -1      0       0
       1015      0      0       0
       1015      0      0       0
       1015      0      0       0
       1016      0      0       0
       1016     -1     -1       0
       1016      0      0       0
       1016      0     -1       0
       1016      0      0       0
       1017      0      0       0
       1017      0      0       0
       1017    234   -157       0
       1017    217   -179       0
       1017    199   -200       0
       1018   -179    217       0
       1018   -157    234       0
       1018    132   -249       0
       1018   -108    260       0
       1018    -82    269       0
       1019     54   -277       0
       1019    -28    280       0
       1019      0    281       0
       1019    -28   -281       0
       1019     55    276       0
       1020    -82   -270       0
       1020    107    260       0
       1020   -133   -249       0
       1020   -157   -235       0
       1020    178    217       0
       1021   -200   -200       0
       1021   -218   -179       0
       1021    234    156       0
       1021   -249   -133       0
       1021   -261   -108       0
       1022   -270    -82       0
       1022    276     55       0
       1022    280     27       0
       1089     -1     -1       0
       1090    280    -28       0
       1090   -277     54       0
       1090   -270     81       0
       1090   -261    107       0
       1090   -249    132       0
       1091    234   -157       0
       1091   -218    178       0
       1091   -200    199       0
       1091   -179    217       0
       1091    156   -235       0
       1092    132   -249       0
       1092   -108    260       0
       1092     81   -270       0
       1092     54   -277       0
       1092    -28    280       0
       1093      0   -282       0
       1093    -28   -281       0
       1093     55    276       0
       1093    -82   -270       0
       1093   -108   -261       0
       1094   -133   -249       0
       1094    156    234       0
       1094    178    217       0
       1094   -200   -200       0
       1094    217    178       0
       1095    234    156       0
       1095      0      0       0
       1095      0     -1       0
       1095      0      0       0
       1095     -1     -1       0
       1096      0      0       0
       1096      0     -1       0
       1096     -1      0       0
       1096     -1     -1       0
       1096      0      0       0
       1097      0     -1       0
       1097      0      0       0
       1097    234   -157       0
       1097    217   -179       0
       1097    199   -200       0
       1098    178   -218       0
       1098   -157    234       0
       1098    132   -249       0
       1098    107   -261       0
       1098    -82    269       0
       1099     55   -277       0
       1099    -28    280       0
       1099     -1   -282       0
       1099     27    280       0
       1099     55    276       0
       1100    -82   -270       0
       1100   -108   -261       0
       1100    132    248       0
       1100   -157   -235       0
       1100    178    217       0
       1101   -200   -200       0
       1101   -218   -179       0
       1101   -235   -157       0
       1101    248    132       0
       1101   -261   -108       0
       1102    269     81       0
       1102    276     55       0
       1102    280     27       0
