        424     -1     -1
        425    280    -28
        425   -277     54
        425   -270     81
        425    260   -108
        425    248   -133
        426   -235    156
        426    217   -179
        426   -200    199
        426    178   -218
        426   -157    234
        427   -133    248
        427   -108    260
        427    -82    269
        427    -56    276
        427     27   -281
        428     -1   -282
        428     27    280
        428     55    276
        428    -82   -270
        428    107    260
        429   -133   -249
        429    156    234
        429   -179   -218
        429   -200   -200
        429   -218   -179
        430   -235   -157
        430      0     -1
        430     -1     -1
        430      0      0
        430      0     -1
        431      0      0
        431      0      0
        431      0      0
        431      0     -1
        431      0     -1
        432     -1      0
        432      0      0
        432   -235    156
        432   -218    178
        432    199   -200
        433    178   -218
        433   -157    234
        433   -133    248
        433    107   -261
        433    -82    269
        434     55   -277
        434    -28    280
        434      0    281
        434     27    280
        434     55    276
        435     81    269
        435    107    260
        435   -133   -249
        435   -157   -235
        435    178    217
        436    199    199
        436   -218   -179
        436    234    156
        436   -249   -133
        436    260    107
        437    269     81
        437    276     55
        437    280     27
        488     -1     -1
        489    280    -28
        489   -277     54
        489   -270     81
        489    260   -108
        489    248   -133
        490   -235    156
        490    217   -179
        490   -200    199
        490    178   -218
        490   -157    234
        491   -133    248
        491   -108    260
        491    -82    269
        491    -56    276
        491     27   -281
        492     -1   -282
        492     27    280
        492     55    276
        492    -82   -270
        492    107    260
        493   -133   -249
        493    156    234
        493   -179   -218
        493   -200   -200
        493   -218   -179
        494   -235   -157
        494      0     -1
        494     -1     -1
        494      0      0
        494      0     -1
        495      0      0
        495      0      0
        495      0      0
        495      0     -1
        495      0     -1
        496     -1      0
        496      0      0
        496   -235    156
        496   -218    178
        496    199   -200
        497    178   -218
        497   -157    234
        497   -133    248
        497    107   -261
        497    -82    269
        498     55   -277
        498    -28    280
        498      0    281
        498     27    280
        498     55    276
        499     81    269
        499    107    260
        499   -133   -249
        499   -157   -235
        499    178    217
        500    199    199
        500   -218   -179
        500    234    156
        500   -249   -133
        500    260    107
        501    269     81
        501    276     55
        501    280     27
        568     -1     -1
        569    280    -28
        569   -277     54
        569   -270     81
        569   -261    107
        569    248   -133
        570   -235    156
        570    217   -179
        570   -200    199
        570   -179    217
        570   -157    234
        571    132   -249
        571    107   -261
        571    -82    269
        571    -56    276
        571     27   -281
        572      0    281
        572    -28   -281
        572    -56   -277
        572     81    269
        572    107    260
        573    132    248
        573    156    234
        573    178    217
        573   -200   -200
        573    218    178
        574    234    156
        574     -1     -1
        574      0      0
        574      0      0
        574      0      0
        575      0      0
        575      0      0
        575     -1      0
        575      0      0
        575      0      0
        576      0     -1
        576     -1      0
        576   -235    156
        576   -218    178
        576    199   -200
        577   -179    218
        577   -157    234
        577   -133    248
        577    107   -261
        577    -82    269
        578    -55    276
        578     27   -281
        578      0   -282
        578    -28   -281
        578    -56   -277
        579     81    269
        579   -108   -261
        579   -133   -249
        579   -157   -235
        579   -179   -218
        580   -200   -200
        580    217    178
        580    234    156
        580   -249   -133
        580   -261   -108
        581    269     81
        581    276     55
        581   -281    -28
        648     -1     -1
        649    280    -28
        649    276    -56
        649    269    -82
        649    260   -108
        649   -249    132
        650    234   -157
        650    217   -179
        650    199   -200
        650    178   -218
        650    156   -235
        651   -133    248
        651   -108    260
        651     81   -270
        651    -56    276
        651    -28    280
        652      0   -282
        652    -28   -281
        652    -56   -277
        652     81    269
        652    107    260
        653    132    248
        653    156    234
        653   -179   -218
        653   -200   -200
        653    217    178
        654   -235   -157
        654     -1      0
        654     -1      0
        654     -1      0
        654      0      0
        655      0     -1
        655      0     -1
        655      0     -1
        655      0      0
        655     -1      0
        656      0      0
        656      0      0
        656    234   -157
        656   -218    178
        656    199   -200
        657    178   -218
        657   -157    234
        657   -133    248
        657   -108    260
        657     81   -270
        658    -55    276
        658    -28    280
        658     -1   -282
        658     27    280
        658    -55   -277
        659    -82   -270
        659   -108   -261
        659    132    248
        659   -157   -235
        659   -179   -218
        660   -200   -200
        660    217    178
        660   -235   -157
        660    248    132
        660    260    107
        661   -270    -82
        661    276     55
        661   -281    -28
        728     -1     -1
        729    280    -28
        729    276    -56
        729   -270     81
        729   -261    107
        729    248   -133
        730   -235    156
        730    217   -179
        730   -200    199
        730   -179    217
        730    156   -235
        731    132   -249
        731   -108    260
        731     81   -270
        731    -56    276
        731    -28    280
        732      0    281
        732     27    280
        732     55    276
        732     81    269
        732    107    260
        733    132    248
        733   -157   -235
        733    178    218
        733   -200   -200
        733   -218   -179
        734    234    156
        734      0      0
        734      0      0
        734     -1     -1
        734      0      0
        735     -1     -1
        735      0     -1
        735      0      0
        735      0      0
        735     -1      0
        736      0     -1
        736      0     -1
        736   -235    156
        736   -218    178
        736    199   -200
        737    178   -218
        737   -157    234
        737   -133    248
        737    107   -261
        737     81   -270
        738     54   -277
        738     27   -281
        738     -1   -282
        738    -28   -281
        738     55    276
        739     81    269
        739    107    260
        739    132    248
        739    156    234
        739   -179   -218
        740    199    199
        740    217    178
        740    234    156
        740   -249   -133
        740   -261   -108
        741    269     81
        741   -277    -56
        741   -281    -28
        808     -1     -1
        809    280    -28
        809    276    -56
        809    269    -82
        809   -261    107
        809    248   -133
        810   -235    156
        810    217   -179
        810    199   -200
        810    178   -218
        810   -157    234
        811   -133    248
        811    107   -261
        811     81   -270
        811     54   -277
        811    -28    280
        812      0    281
        812     27    280
        812    -56   -277
        812    -82   -270
        812   -108   -261
        813    132    248
        813   -157   -235
        813    178    218
        813    199    199
        813    217    178
        814   -235   -157
        814     -1      0
        814     -1     -1
        814      0      0
        814      0     -1
        815      0      0
        815     -1     -1
        815      0      0
        815      0      0
        815      0     -1
        816      0      0
        816      0      0
        816    234   -157
        816    218   -179
        816   -200    199
        817    178   -218
        817   -157    234
        817   -133    248
        817   -108    260
        817     81   -270
        818     55   -277
        818    -28    280
        818     -1   -282
        818     27    280
        818     55    276
        819     81    269
        819    107    260
        819   -133   -249
        819   -157   -235
        819   -179   -218
        820    199    199
        820    217    178
        820   -235   -157
        820    248    132
        820    260    107
        821    269     81
        821    276     55
        821   -281    -28
        888     -1     -1
        889   -281     27
        889    276    -56
        889   -270     81
        889   -261    107
        889   -249    132
        890    234   -157
        890   -218    178
        890    199   -200
        890   -179    217
        890    156   -235
        891    132   -249
        891    107   -261
        891     81   -270
        891     55   -277
        891     27   -281
        892      0    281
        892     27    280
        892     55    276
        892     81    269
        892    107    260
        893   -133   -249
        893    156    234
        893    178    217
        893   -200   -200
        893   -218   -179
        894    234    156
        894      0     -1
        894     -1     -1
        894      0      0
        894      0      0
        895      0      0
        895     -1      0
        895      0      0
        895     -1     -1
        895     -1      0
        896     -1     -1
        896     -1      0
        896   -235    156
        896   -218    178
        896   -200    199
        897    178   -218
        897    156   -235
        897    132   -249
        897   -108    260
        897    -82    269
        898     54   -277
        898     27   -281
        898     -1    281
        898     27    280
        898     55    276
        899     81    269
        899   -108   -261
        899    132    248
        899   -157   -235
        899    178    217
        900   -200   -200
        900   -218   -179
        900    234    156
        900    248    132
        900    260    107
        901    269     81
        901    276     55
        901   -281    -28
        968     -1     -1
        969   -281     27
        969   -277     54
        969   -270     81
        969    260   -108
        969    248   -133
        970   -235    156
        970   -218    178
        970   -200    199
        970    178   -218
        970   -157    234
        971   -133    248
        971    107   -261
        971    -82    269
        971     54   -277
        971    -28    280
        972     -1   -282
        972    -28   -281
        972     55    276
        972     81    269
        972   -108   -261
        973   -133   -249
        973    156    234
        973    178    217
        973   -200   -200
        973    217    178
        974   -235   -157
        974     -1      0
        974      0      0
        974      0      0
        974      0      0
        975      0      0
        975     -1     -1
        975      0      0
        975      0     -1
        975      0      0
        976      0      0
        976      0      0
        976    234   -157
        976    217   -179
        976    199   -200
        977   -179    217
        977   -157    234
        977    132   -249
        977   -108    260
        977    -82    269
        978     54   -277
        978    -28    280
        978      0    281
        978    -28   -281
        978     55    276
        979    -82   -270
        979    107    260
        979   -133   -249
        979   -157   -235
        979    178    217
        980   -200   -200
        980   -218   -179
        980    234    156
        980   -249   -133
        980   -261   -108
        981   -270    -82
        981    276     55
        981    280     27
       1048     -1     -1
       1049    280    -28
       1049   -277     54
       1049   -270     81
       1049   -261    107
       1049   -249    132
       1050    234   -157
       1050   -218    178
       1050   -200    199
       1050   -179    217
       1050    156   -235
       1051    132   -249
       1051   -108    260
       1051     81   -270
       1051     54   -277
       1051    -28    280
       1052      0   -282
       1052    -28   -281
       1052     55    276
       1052    -82   -270
       1052   -108   -261
       1053   -133   -249
       1053    156    234
       1053    178    217
       1053   -200   -200
       1053    217    178
       1054    234    156
       1054      0      0
       1054      0     -1
       1054      0      0
       1054     -1     -1
       1055      0      0
       1055      0     -1
       1055     -1      0
       1055     -1     -1
       1055      0      0
       1056      0     -1
       1056      0      0
       1056    234   -157
       1056    217   -179
       1056    199   -200
       1057    178   -218
       1057   -157    234
       1057    132   -249
       1057    107   -261
       1057    -82    269
       1058     55   -277
       1058    -28    280
       1058     -1   -282
       1058     27    280
       1058     55    276
       1059    -82   -270
       1059   -108   -261
       1059    132    248
       1059   -157   -235
       1059    178    217
       1060   -200   -200
       1060   -218   -179
       1060   -235   -157
       1060    248    132
       1060   -261   -108
       1061    269     81
       1061    276     55
       1061    280     27
       1128      0      0
       1129      0      0
       1129      0      0
       1129      0      0
       1129      0      0
       1129      0      0
       1130      0      0
       1130      0      0
       1130      0      0
       1130      0      0
       1130      0      0
       1131      0      0
       1131      0      0
       1131      0      0
       1131      0      0
       1131      0      0
       1132      0      0
       1132      0      0
       1132      0      0
       1132      0      0
       1132      0      0
       1133      0      0
       1133      0      0
       1133      0      0
       1133      0      0
       1133      0      0
       1134      0      0
       1134      0      0
       1134      0      0
       1134      0      0
       1134      0      0
       1135      0      0
       1135      0      0
       1135      0      0
       1135      0      0
       1135      0      0
       1136      0      0
       1136      0      0
       1136      0      0
       1136      0      0
       1136      0      0
       1137      0      0
       1137      0      0
       1137      0      0
       1137      0      0
       1137      0      0
       1138      0      0
       1138      0      0
       1138      0      0
       1138      0      0
       1138      0      0
       1139      0      0
       1139      0      0
       1139      0      0
       1139      0      0
       1139      0      0
       1140      0      0
       1140      0      0
       1140      0      0
       1140      0      0
       1140      0      0
       1141      0      0
       1141      0      0
       1141      0      0
