       1129 0
       1129 0
       1129 0
       1130 0
       1130 1
       1130 1
       1130 1
       1130 0
       1131 1
       1131 1
       1131 1
       1131 1
       1131 0
       1132 0
       1132 1
       1132 0
       1132 1
       1132 1
       1133 0
       1133 0
       1133 1
       1133 0
       1133 0
       1134 1
       1134 1
       1134 0
       1134 0
       1134 0
       1135 0
       1135 0
       1135 1
       1135 0
       1135 0
       1136 1
       1136 1
       1136 0
       1136 0
       1136 1
       1137 1
       1137 0
       1137 1
       1137 1
       1137 1
       1138 0
       1138 1
       1138 1
       1138 1
       1138 0
       1139 1
       1139 0
       1139 0
       1139 1
       1139 0
       1140 1
       1140 1
       1140 0
       1140 1
       1140 0
       1141 1
       1141 0
       1141 1
       1141 1
       1141 0
       1142 0
       1142 1
       1142 0
       1142 1
       1142 1
       1143 0
       1143 1
       1143 0
       1143 0
       1143 0
       1144 0
       1144 0
       1144 0
       1144 0
       1144 1
       1145 1
       1145 1
       1145 1
       1145 0
       1145 1
       1146 0
       1146 0
       1146 1
       1146 0
       1146 0
       1147 1
       1147 0
       1147 1
       1147 1
       1147 1
       1148 0
       1148 1
       1148 0
       1148 1
       1148 0
       1149 0
       1149 1
       1149 1
       1149 0
       1149 0
       1150 0
       1150 1
       1150 0
       1150 1
       1150 1
       1151 1
       1151 0
       1151 1
       1151 0
       1151 1
       1152 0
       1152 0
       1152 0
       1152 1
       1152 1
       1153 1
       1153 0
       1153 0
       1153 1
       1153 0
       1154 1
       1154 1
       1154 1
       1154 0
       1154 0
       1155 0
       1155 0
       1155 0
       1155 0
