        701 1 1 1 1
        702 1 1 1 1
        702 1 1 1 1
        702 1 1 1 1
        702 1 1 1 1
        702 1 1 1 1
        703 1 1 1 1
        703 1 1 1 1
        703 1 1 1 1
        703 1 1 1 1
        704 1 1 1 1
        704 1 1 1 1
        704 1 1 1 1
        704 1 1 1 1
        704 1 1 1 1
        705 1 1 1 1
        705 1 1 1 1
        705 1 1 1 1
        705 1 1 1 1
        706 1 1 1 1
        706 1 1 1 1
        706 1 1 1 1
        706 0 0 1 1
        706 1 1 1 1
        709 0 0 1 1
        709 1 1 1 1
        709 1 1 1 1
        709 1 1 1 1
        710 1 1 1 1
        710 1 1 1 1
        710 1 1 1 1
        710 1 1 1 1
        711 1 1 1 1
        711 1 1 1 1
        711 1 1 1 1
        711 1 1 1 1
        711 1 1 1 1
        712 1 1 1 1
        712 1 1 1 1
        712 1 1 1 1
        712 1 1 1 1
        712 1 1 1 1
        713 1 1 1 1
        713 1 1 1 1
        713 1 1 1 1
        713 1 1 1 1
        714 1 1 1 1
        714 1 1 1 1
        781 1 1 1 1
        782 1 1 1 1
        782 1 1 1 1
        782 1 1 1 1
        782 1 1 1 1
        782 1 1 1 1
        783 1 1 1 1
        783 1 1 1 1
        783 1 1 1 1
        783 1 1 1 1
        784 1 1 1 1
        784 1 1 1 1
        784 1 1 1 1
        784 1 1 1 1
        784 1 1 1 1
        785 1 1 1 1
        785 1 1 1 1
        785 1 1 1 1
        785 1 1 1 1
        786 1 1 1 1
        786 1 1 1 1
        786 1 1 1 1
        786 1 1 1 1
        786 0 0 1 1
        789 1 1 1 1
        789 1 1 1 1
        789 1 1 1 1
        789 1 1 1 1
        790 1 1 1 1
        790 1 1 1 1
        790 1 1 1 1
        790 1 1 1 1
        791 1 1 1 1
        791 1 1 1 1
        791 1 1 1 1
        791 1 1 1 1
        791 1 1 1 1
        792 1 1 1 1
        792 1 1 1 1
        792 1 1 1 1
        792 1 1 1 1
        792 1 1 1 1
        793 1 1 1 1
        793 1 1 1 1
        793 1 1 1 1
        793 1 1 1 1
        794 1 1 1 1
        794 1 1 1 1
        861 1 1 1 1
        862 1 1 1 1
        862 1 1 1 1
        862 1 1 1 1
        862 1 1 1 1
        862 1 1 1 1
        863 1 1 1 1
        863 1 1 1 1
        863 1 1 1 1
        863 1 1 1 1
        864 1 1 1 1
        864 1 1 1 1
        864 1 1 1 1
        864 1 1 1 1
        864 1 1 1 1
        865 1 1 1 1
        865 1 1 1 1
        865 1 1 1 1
        865 1 1 1 1
        866 1 1 1 1
        866 1 1 1 1
        866 1 1 1 1
        866 0 0 1 1
        866 1 1 1 1
        869 0 0 1 1
        869 1 1 1 1
        869 1 1 1 1
        869 1 1 1 1
        870 1 1 1 1
        870 1 1 1 1
        870 1 1 1 1
        870 1 1 1 1
        871 1 1 1 1
        871 1 1 1 1
        871 1 1 1 1
        871 1 1 1 1
        871 1 1 1 1
        872 1 1 1 1
        872 1 1 1 1
        872 1 1 1 1
        872 1 1 1 1
        872 1 1 1 1
        873 1 1 1 1
        873 1 1 1 1
        873 1 1 1 1
        873 1 1 1 1
        874 1 1 1 1
        874 1 1 1 1
        941 1 1 1 1
        942 1 1 1 1
        942 1 1 1 1
        942 1 1 1 1
        942 1 1 1 1
        942 1 1 1 1
        943 1 1 1 1
        943 1 1 1 1
        943 1 1 1 1
        943 1 1 1 1
        944 1 1 1 1
        944 1 1 1 1
        944 1 1 1 1
        944 1 1 1 1
        944 1 1 1 1
        945 1 1 1 1
        945 1 1 1 1
        945 1 1 1 1
        945 1 1 1 1
        946 1 1 1 1
        946 1 1 1 1
        946 1 1 1 1
        946 1 1 1 1
        946 0 0 1 1
        949 1 1 1 1
        949 1 1 1 1
        949 1 1 1 1
        949 1 1 1 1
        950 1 1 1 1
        950 1 1 1 1
        950 1 1 1 1
        950 1 1 1 1
        951 1 1 1 1
        951 1 1 1 1
        951 1 1 1 1
        951 1 1 1 1
        951 1 1 1 1
        952 1 1 1 1
        952 1 1 1 1
        952 1 1 1 1
        952 1 1 1 1
        952 1 1 1 1
        953 1 1 1 1
        953 1 1 1 1
        953 1 1 1 1
        953 1 1 1 1
        954 1 1 1 1
        954 1 1 1 1
       1021 1 1 1 1
       1022 1 1 1 1
       1022 1 1 1 1
       1022 1 1 1 1
       1022 1 1 1 1
       1022 1 1 1 1
       1023 1 1 1 1
       1023 1 1 1 1
       1023 1 1 1 1
       1023 1 1 1 1
       1024 1 1 1 1
       1024 1 1 1 1
       1024 1 1 1 1
       1024 1 1 1 1
       1024 1 1 1 1
       1025 1 1 1 1
       1025 1 1 1 1
       1025 1 1 1 1
       1025 1 1 1 1
       1026 1 1 1 1
       1026 1 1 1 1
       1026 1 1 1 1
       1026 0 0 1 1
       1026 1 1 1 1
       1029 1 1 1 1
       1029 1 1 1 1
       1029 1 1 1 1
       1029 1 1 1 1
       1030 1 1 1 1
       1030 1 1 1 1
       1030 1 1 1 1
       1030 1 1 1 1
       1031 1 1 1 1
       1031 1 1 1 1
       1031 1 1 1 1
       1031 1 1 1 1
       1031 1 1 1 1
       1032 1 1 1 1
       1032 1 1 1 1
       1032 1 1 1 1
       1032 1 1 1 1
       1032 1 1 1 1
       1033 1 1 1 1
       1033 1 1 1 1
       1033 1 1 1 1
       1033 1 1 1 1
       1034 1 1 1 1
       1034 1 1 1 1
       1101 1 1 1 1
       1102 1 1 1 1
       1102 1 1 1 1
       1102 1 1 1 1
       1102 1 1 1 1
       1102 1 1 1 1
       1103 1 1 1 1
       1103 1 1 1 1
       1103 1 1 1 1
       1103 1 1 1 1
       1104 1 1 1 1
       1104 1 1 1 1
       1104 1 1 1 1
       1104 1 1 1 1
       1104 1 1 1 1
       1105 1 1 1 1
       1105 1 1 1 1
       1105 1 1 1 1
       1105 1 1 1 1
       1106 1 1 1 1
       1106 1 1 1 1
       1106 1 1 1 1
       1106 0 0 1 1
       1106 0 0 1 1
       1109 1 1 1 1
       1109 1 1 1 1
       1109 1 1 1 1
       1109 1 1 1 1
       1110 1 1 1 1
       1110 1 1 1 1
       1110 1 1 1 1
       1110 1 1 1 1
       1111 1 1 1 1
       1111 1 1 1 1
       1111 1 1 1 1
       1111 1 1 1 1
       1111 1 1 1 1
       1112 1 1 1 1
       1112 1 1 1 1
       1112 1 1 1 1
       1112 1 1 1 1
       1112 1 1 1 1
       1113 1 1 1 1
       1113 1 1 1 1
       1113 1 1 1 1
       1113 1 1 1 1
       1114 1 1 1 1
       1114 1 1 1 1
