        382   -185   4343
        382   5639      0
        382   -185  -4343
        382   1434  -4012
        383   3495   2988
        383    762   1006
        383   2159  -3166
        383  -4156  -1992
        383  -1383  -3832
        384   3520   -935
        384   1925    147
        384     35  -4151
        384  -4938  -1710
        384    883  -2113
        385   2117   -539
        385   -812   5798
        385   4303   -148
        385   2256  -2256
        385   1332   3549
        386  -2065   1418
        386  -4738   2354
        386   2967   3333
        386   2510    509
        386  -2177   2934
        387  -2038   -787
        387  -1265  -5446
        387  -4399   -598
        387  -4596   -740
        387   2709  -2673
        388   -102   1941
        388  -3317   4155
        388   3310   3821
        388    443   3522
        388  -5640      0
        389    443  -3523
        389   3310  -3821
        389  -3317  -4156
        389   -102  -1941
        389   2709   2672
        390  -4596    740
        390  -4399    598
        390  -1265   5446
        390  -2038    787
        390  -2177  -2934
        391   2510   -510
        391   2967  -3334
        391  -4738  -2354
        391  -2065  -1419
        391   1332  -3550
        392   2256   2256
        392   4303    148
        392   -812  -5799
        392   2117    539
        392    883   2112
        393  -4938   1710
        393     35   4151
        393   1925   -147
        393   3520    934
        393  -1383   3832
        394  -4156   1991
        394   2159   3165
        394    762  -1007
        394   3495  -2989
        394   1434   4012
        446   -185   4343
        446   5639      0
        446   -185  -4343
        446   1434  -4012
        447   3495   2988
        447    762   1006
        447   2159  -3166
        447  -4156  -1992
        447  -1383  -3832
        448   3520   -935
        448   1925    147
        448     35  -4151
        448  -4938  -1710
        448    883  -2113
        449   2117   -539
        449   -812   5798
        449   4303   -148
        449   2256  -2256
        449   1332   3549
        450  -2065   1418
        450  -4738   2354
        450   2967   3333
        450   2510    509
        450  -2177   2934
        451  -2038   -787
        451  -1265  -5446
        451  -4399   -598
        451  -4596   -740
        451   2709  -2673
        452   -102   1941
        452  -3317   4155
        452   3310   3821
        452    443   3522
        452  -5640      0
        453    443  -3523
        453   3310  -3821
        453  -3317  -4156
        453   -102  -1941
        453   2709   2672
        454  -4596    740
        454  -4399    598
        454  -1265   5446
        454  -2038    787
        454  -2177  -2934
        455   2510   -510
        455   2967  -3334
        455  -4738  -2354
        455  -2065  -1419
        455   1332  -3550
        456   2256   2256
        456   4303    148
        456   -812  -5799
        456   2117    539
        456    883   2112
        457  -4938   1710
        457     35   4151
        457   1925   -147
        457   3520    934
        457  -1383   3832
        458  -4156   1991
        458   2159   3165
        458    762  -1007
        458   3495  -2989
        458   1434   4012
        526  -2319   1758
        526  -5640      0
        526  -2319  -1758
        526   1999   4899
        527   2146  -4369
        527    797  -4376
        527   -577   1799
        527  -1168  -1244
        527     75  -1794
        528      0    797
        528   -229   1567
        528   4045  -4747
        528   5773  -2870
        528   -798   1438
        529  -4562   1342
        529  -1516   4424
        529  -1929  -1774
        529  -3384   1128
        529   1246   6727
        530   2908   2543
        530  -1509   8192
        530   -798   2372
        530   2960  -4785
        530    294   2051
        531  -2695   1771
        531      0    797
        531   2099  -2568
        531   1339  -2147
        531    927   4800
        532    797   1070
        532   1220   1017
        532   1119   4339
        532  -2631   -615
        532  -5640      0
        533  -2631    615
        533   1119  -4339
        533   1220  -1017
        533    797  -1071
        533    927  -4801
        534   1339   2147
        534   2099   2568
        534      0   -798
        534  -2695  -1771
        534    294  -2052
        535   2960   4784
        535   -798  -2373
        535  -1509  -8192
        535   2908  -2543
        535   1246  -6728
        536  -3384  -1128
        536  -1929   1774
        536  -1516  -4425
        536  -4562  -1342
        536   -798  -1438
        537   5773   2869
        537   4045   4746
        537   -229  -1568
        537      0   -798
        537     75   1793
        538  -1168   1243
        538   -577  -1799
        538    797   4375
        538   2146   4369
        538   1999  -4900
        606   2365  -1836
        606   2256      0
        606   2365   1836
        606   2688   4303
        607   2588   3841
        607    366  -2470
        607  -3211    371
        607  -2948    989
        607   1653  -3457
        608   2392   3851
        608  -2261   5672
        608  -2822    512
        608   1208   3582
        608    244   3090
        609  -3507  -4399
        609  -1400  -1436
        609   1430   2425
        609  -1128      0
        609  -1542   3280
        610   2506  -4009
        610   2072  -7026
        610  -1840   4025
        610  -1658   2631
        610  -1232   3833
        611  -3825   1893
        611  -2393   -661
        611   1990   7824
        611    621   1120
        611  -2234   -438
        612   1229   2976
        612   4741  -2381
        612   2585  -1460
        612    188  -4032
        612      0      0
        613    188   4032
        613   2585   1460
        613   4741   2381
        613   1229  -2976
        613  -2234    437
        614    621  -1121
        614   1990  -7825
        614  -2393    660
        614  -3825  -1894
        614  -1232  -3834
        615  -1658  -2632
        615  -1840  -4025
        615   2072   7025
        615   2506   4009
        615  -1542  -3281
        616  -1128      0
        616   1430  -2425
        616  -1400   1435
        616  -3507   4398
        616    244  -3091
        617   1208  -3583
        617  -2822   -512
        617  -2261  -5673
        617   2392  -3851
        617   1653   3456
        618  -2948   -989
        618  -3211   -372
        618    366   2470
        618   2588  -3842
        618   2688  -4304
        686    796   3861
        686  -3384      0
        686    796  -3862
        686   3772  -1585
        687  -4967    472
        687  -6036   2112
        687   5372   1299
        687   4119   1418
        687  -2158    474
        688  -1265   2256
        688   1700   3832
        688   3396  -2953
        688   1629    388
        688   1443   1941
        689  -2168   -297
        689  -3974   6350
        689    333   2631
        689  -4512   2256
        689  -1995   4825
        690   5871    244
        690    473   1862
        690   1086   1006
        690   -557   1509
        690  -6172    -37
        691   1732  -4656
        691   3520  -2256
        691   1166  -3846
        691   3168  -1498
        691   -549    694
        692  -1005  -3334
        692    766    905
        692  -1160   4522
        692  -1577   2501
        692  -1128      0
        693  -1577  -2502
        693  -1160  -4523
        693    766   -905
        693  -1005   3333
        693   -549   -694
        694   3168   1498
        694   1166   3846
        694   3520   2256
        694   1732   4655
        694  -6172     36
        695   -557  -1510
        695   1086  -1007
        695    473  -1863
        695   5871   -244
        695  -1995  -4826
        696  -4512  -2256
        696    333  -2631
        696  -3974  -6351
        696  -2168    296
        696   1443  -1941
        697   1629   -389
        697   3396   2953
        697   1700  -3832
        697  -1265  -2256
        697  -2158   -474
        698   4119  -1419
        698   5372  -1300
        698  -6036  -2113
        698  -4967   -472
        698   3772   1584
        766   4262    674
        766   4511      0
        766   4262   -674
        766    574    494
        767    964    741
        767   2042  -1128
        767  -1408   -953
        767    926  -3733
        767  -2927   1009
        768  -4649   5446
        768   5356  -1628
        768   3059   1553
        768  -4621   4660
        768  -6301   1128
        769  -5575   -557
        769    734    646
        769   3381   5880
        769   1128      0
        769    -57    -44
        770   -805   4254
        770  -1508  -4573
        770  -2996  -1128
        770  -1436   2477
        770    303  -1077
        771    509   1419
        771    137    934
        771    252   2593
        771   6604   1338
        771   4273  -2157
        772  -1769   1128
        772   2927   4084
        772  -2372   2781
        772  -4397  -1682
        772   2256      0
        773  -4397   1681
        773  -2372  -2781
        773   2927  -4084
        773  -1769  -1128
        773   4273   2157
        774   6604  -1339
        774    252  -2593
        774    137   -935
        774    509  -1420
        774    303   1077
        775  -1436  -2478
        775  -2996   1128
        775  -1508   4572
        775   -805  -4255
        775    -57     44
        776   1128      0
        776   3381  -5880
        776    734   -647
        776  -5575    556
        776  -6301  -1128
        777  -4621  -4660
        777   3059  -1553
        777   5356   1628
        777  -4649  -5446
        777  -2927  -1009
        778    926   3733
        778  -1408    952
        778   2042   1128
        778    964   -742
        778    574   -494
        846   1242   2266
        846   2256      0
        846   1242  -2267
        846   -546   1027
        847  -4504  -1924
        847   -331  -5036
        847   6151  -6035
        847  -1891   -696
        847  -4548   1454
        848  -2063  -2393
        848   -991   1758
        848   2850   1053
        848  -4092   1113
        848  -1926   5289
        849   6186   1824
        849  -3543   -875
        849  -3876   -417
        849      0   1128
        849  -3941  -2563
        850   -268  -1192
        850  -1308   5363
        850  -1926  -1479
        850   2454  -2170
        850    455   2118
        851   2758  -1573
        851   4318  -2393
        851   -410  -1473
        851  -1415   1691
        851  -1325   2552
        852   -331   1731
        852   2815  -1919
        852   4356  -6992
        852   3383  -1365
        852   2256      0
        853   3383   1365
        853   4356   6991
        853   2815   1918
        853   -331  -1731
        853  -1325  -2553
        854  -1415  -1692
        854   -410   1472
        854   4318   2392
        854   2758   1573
        854    455  -2119
        855   2454   2169
        855  -1926   1478
        855  -1308  -5364
        855   -268   1192
        855  -3941   2563
        856      0  -1128
        856  -3876    417
        856  -3543    874
        856   6186  -1825
        856  -1926  -5289
        857  -4092  -1113
        857   2850  -1053
        857   -991  -1758
        857  -2063   2392
        857  -4548  -1454
        858  -1891    696
        858   6151   6035
        858   -331   5036
        858  -4504   1924
        858   -546  -1028
        926  -2428    464
        926  -3384      0
        926  -2428   -464
        926  -2325   -291
        927   1589   1861
        927   3663  -1884
        927   -886    693
        927    199    857
        927   -196  -2484
        928   -661   -137
        928   2041  -3774
        928  -1084  -2627
        928    192  -3453
        928   2932  -6834
        929    794   -666
        929   1102  -3408
        929   2748  -4090
        929   3383   3383
        929  -3971    684
        930  -7411  -1121
        930   1094   4706
        930    -16   1802
        930  -1908  -3301
        930   4102   2444
        931   2664  -1040
        931  -3851  -4649
        931  -7701   1714
        931  -1349  -1773
        931   5792   -132
        932   2443   2241
        932   -289   -125
        932  -2258   3317
        932    460   -607
        932   5639      0
        933    460    606
        933  -2258  -3317
        933   -289    124
        933   2443  -2241
        933   5792    132
        934  -1349   1773
        934  -7701  -1714
        934  -3851   4648
        934   2664   1039
        934   4102  -2445
        935  -1908   3301
        935    -16  -1803
        935   1094  -4707
        935  -7411   1121
        935  -3971   -685
        936   3383  -3384
        936   2748   4089
        936   1102   3407
        936    794    666
        936   2932   6833
        937    192   3453
        937  -1084   2627
        937   2041   3773
        937   -661    137
        937   -196   2483
        938    199   -857
        938   -886   -694
        938   3663   1883
        938   1589  -1861
        938  -2325    291
       1006   1038  -2595
       1006  -3384      0
       1006   1038   2594
       1006  -2216  -2433
       1007     96  -2555
       1007   7135  -1688
       1007    685  -3334
       1007   2995  -2136
       1007   1869  -1002
       1008  -1265  -1595
       1008   1637  -3773
       1008  -1094  -2020
       1008    626   1632
       1008   2488    224
       1009   3487   2764
       1009   1226   2480
       1009  -3618  -3286
       1009  -2256   2256
       1009  -3680   1836
       1010   -364  -6760
       1010   2275    281
       1010  -1828   5670
       1010  -1791   2865
       1010   -991   3315
       1011   5393  -1452
       1011   3520  -1595
       1011  -6195   4853
       1011   -911   1877
       1011   1228  -1696
       1012  -3285   -754
       1012   -227  -1991
       1012   1353  -3971
       1012  -2825  -4154
       1012  -5640      0
       1013  -2825   4153
       1013   1353   3971
       1013   -227   1990
       1013  -3285    753
       1013   1228   1695
       1014   -911  -1878
       1014  -6195  -4854
       1014   3520   1595
       1014   5393   1452
       1014   -991  -3316
       1015  -1791  -2865
       1015  -1828  -5671
       1015   2275   -282
       1015   -364   6759
       1015  -3680  -1836
       1016  -2256  -2256
       1016  -3618   3285
       1016   1226  -2481
       1016   3487  -2765
       1016   2488   -225
       1017    626  -1632
       1017  -1094   2019
       1017   1637   3773
       1017  -1265   1595
       1017   1869   1001
       1018   2995   2135
       1018    685   3333
       1018   7135   1688
       1018     96   2555
       1018  -2216   2433
       1086      0      0
       1086      0      0
       1086      0      0
       1086      0      0
       1087      0      0
       1087      0      0
       1087      0      0
       1087      0      0
       1087      0      0
       1088      0      0
       1088      0      0
       1088      0      0
       1088      0      0
       1088      0      0
       1089      0      0
       1089      0      0
       1089      0      0
       1089      0      0
       1089      0      0
       1090      0      0
       1090      0      0
       1090      0      0
       1090      0      0
       1090      0      0
       1091      0      0
       1091      0      0
       1091      0      0
       1091      0      0
       1091      0      0
       1092      0      0
       1092      0      0
       1092      0      0
       1092      0      0
       1092      0      0
       1093      0      0
       1093      0      0
       1093      0      0
       1093      0      0
       1093      0      0
       1094      0      0
       1094      0      0
       1094      0      0
       1094      0      0
       1094      0      0
       1095      0      0
       1095      0      0
       1095      0      0
       1095      0      0
       1095      0      0
       1096      0      0
       1096      0      0
       1096      0      0
       1096      0      0
       1096      0      0
       1097      0      0
       1097      0      0
       1097      0      0
       1097      0      0
       1097      0      0
       1098      0      0
       1098      0      0
       1098      0      0
       1098      0      0
       1098      0      0
