          1          0
          2          2
          3          4
          4          8
          5         12
          6         18
          7         24
          8          0
          9          0
         10          0
         11          0
         12          0
         13          0
         14          0
         15          0
         16          0
         17          0
         18          0
         19          0
         20          0
         21          0
         22          0
         23          0
         24          0
         25          0
         26          0
         27          0
         28          0
         29          0
         30          0
         31          0
         32          0
         33          0
         34          0
         35          0
         36          0
         37          0
         38          0
         39          0
         40          0
         41          0
         42          0
         43          0
         44          0
         45          0
         46          0
         47          0
         48          0
         49          0
         50          0
         51          0
         52          0
         53          0
         54          0
         55          0
         56          0
         57          0
         58          0
         59          0
         60          0
         61          0
         62          0
         63          0
         64          0
         65          0
         66          0
         67          0
         68          0
         69          0
         70          0
         71          0
         72          0
         73          0
         74          0
         75          0
         76          0
         77          0
         78          0
         79          0
         80          0
         81          0
         82          0
         83          0
         84          0
         85          0
         86          0
         87          0
         88          0
         89          0
         90          0
         91          0
         92          0
         93          0
         94          0
         95          0
         96          0
         97          0
         98          0
         99          0
        100          0
        101   11022400
        102   45711080
        103   16536476
        104   53513297
        105   22051440
        106   53513297
        107   16536476
        108   45711080
        109   11022400
        110   45711080
        111   16536476
        112   53513297
        113   22051440
        114   53513297
        115   16536476
        116   45711080
        117   11022400
        118   45711080
        119   16536476
        120   53513297
        121   22051440
        122   53513297
        123   16536476
        124   45711080
        125   11022400
        126   45711080
        127   16536476
        128   53513297
        129   22051440
        130   53513297
        131   16536476
        132   45711080
        133   11022400
        134   45711080
        135   16536476
        136   53513297
        137   22051440
        138   53513297
        139   16536476
        140   45711080
        141   11022400
        142   45711080
        143   16536476
        144   53513297
        145   22051440
        146   53513297
        147   16536476
        148   45711080
        149   11022400
        150   45711080
        151   16536476
        152   53513297
        153   22051440
        154   53513297
        155   16536476
        156   45711080
        157   11022400
        158   45711080
        159   16536476
        160   53513297
        161   22051440
        162   53513297
        163   16536476
        164   45711080
        165   11022400
        166   45711080
        167   16536476
        168   53513297
        169   22051440
        170   53513297
        171   16536476
        172   45711080
        173   11022400
        174   45711080
        175   16536476
        176   53513297
        177   22051440
        178   53513297
        179   16536476
        180   45711080
        181   11022400
        182   45711080
        183   16536476
        184   53513297
        185   22051440
        186   53513297
        187   16536476
        188   45711080
        189   11022400
        190   45711080
        191   16536476
        192   53513297
        193   22051440
        194   53513297
        195   16536476
        196   45711080
        197   11022400
        198   45711080
        199   16536476
        200   53513297
        201   22051440
        202   53513297
        203   16536476
        204   45711080
        205   11022400
        206   45711080
        207   16536476
        208   53513297
        209   22051440
        210   53513297
        211   16536476
        212   45711080
        213   11022400
        214   45711080
        215   16536476
        216   53513297
        217   22051440
        218   53513297
        219   16536476
        220   45711080
        221   11022400
        222   45711080
        223   16536476
        224   53513297
       1156          0
       1157          0
       1158          0
       1159          0
       1160          0
       1161          0
       1162          0
       1163          0
       1164          0
       1165          0
       1166          0
       1167          0
       1168          0
       1169          0
       1170          0
       1171          0
       1172          0
       1173          0
       1174         24
       1175         18
       1176         12
       1177          8
       1178          4
       1179          2
       1180          0
       1181          0
       1182          0
       1183          0
       1184          0
       1185          0
       1186          0
       1187          0
       1188          0
       1189          0
       1190          0
       1191          0
       1192          0
       1193          0
       1194          0
       1195          0
       1196          0
       1197          0
       1198          0
       1199          0
       1200          0
       1201          0
       1202          0
       1203          0
       1204          0
       1205          0
       1206          0
       1207          0
       1208          0
       1209          0
       1210          0
       1211          0
       1212          0
       1213          0
       1214          0
       1215          0
       1216          0
       1217          0
       1218          0
       1219          0
       1220          0
       1221          0
       1222          0
       1223          0
       1224          0
       1225          0
       1226          0
       1227          0
       1228          0
       1229          0
       1230          0
       1231          0
       1232          0
       1233          0
       1234          0
       1235          0
