        260     526108
        261     899933
        262     267825
        263     504364
        264    2211794
        265    1151608
        266     905580
        267    2647221
        268     926150
        269    2939208
        270     974093
        271    3109922
        272    3795054
        273     371344
        274     666054
        275    1509446
        276    2378567
        277    2176080
        278    1458429
        279    1296941
        280    1179717
        281     426839
        282    1422380
        283    1897703
        284     660387
        285    1397821
        286    4064419
        287    2201544
        288    2971746
        289     979166
        290     525017
        291    3541314
        292    6500166
        293    2911002
        294     295082
        295    3124737
        296    7169593
        297    2432255
        298    2178297
        299     366667
        300    3849510
        301    1279879
        302    1923058
        303     931562
        304     690577
        305    1111076
        306     980705
        307    1056334
        308     228704
        309     762412
        310     818123
        311    2523513
        312    1615687
        313     495586
        314     490776
        315    1207871
        316    4614171
        317    2946572
        318     899885
        319    2717634
        320    1789106
        321    2607474
        322     916494
        323    1514556
        324    2450083
        325    3013901
        326   14657672
        327    2675396
        328    2747629
        329    1846136
        330    2264529
        331    1404019
        332      31109
        333     319054
        334     444407
        335    2128394
        336    3508295
        337     183920
        338    1299348
        339      92952
        340     409423
        341    1250529
        342    1235254
        343     713915
        344     934016
        345    1050149
        346     289730
        347     693913
