        569    278      0
        569    277    -27
        569    273    -54
        569    267    -80
        569    258   -106
        570    246   -131
        570    232   -155
        570    215   -177
        570    197   -197
        570    177   -215
        571    155   -231
        571    132   -245
        571    107   -257
        571     81   -266
        571     54   -273
        572     27   -277
        572      0   -279
        572    -27   -278
        572    -54   -273
        572    -80   -267
        573   -106   -258
        573   -131   -246
        573   -155   -232
        573   -177   -216
        573   -198   -198
        574   -208   -189
        574   -218   -179
        574      0     -2
        574     -2     -2
        574      0      0
        575      0     -2
        575      0      0
        575      0      0
        575      0      0
        575      0     -2
        576      0     -2
        576     -2      0
        576      0      0
        576   -217    178
        576   -207    188
        577   -197    197
        577   -177    215
        577   -154    232
        577   -131    246
        577   -106    258
        578    -80    267
        578    -54    273
        578    -27    277
        578      0    278
        578     26    276
        579     53    272
        579     80    266
        579    106    258
        579    131    246
        579    154    232
        580    177    216
        580    197    197
        580    215    176
        580    232    154
        580    246    131
        581    257    106
        581    266     80
        581    272     53
        581    276     26
