        609           0
        609           0
        610           0
        610           0
        610           0
        610           0
        610           0
        611           0
        611           0
        611           0
        611           0
        611           0
        612           0
        612           0
        612           0
        612           0
        612           0
        613           0
        613           0
        613           0
        613           0
        613           0
        614           0
        614           0
        614           0
        614           0
        614           0
        615           0
        615           0
        615           0
        615           0
        615           0
        616           0
        616           0
        616           0
        616           0
        616           0
        617           0
        617           0
        617           0
        617           0
        617           0
        618           0
        618           0
        618           0
        618           0
        618           0
        619           0
        619           0
        619           0
        619           0
        619           0
        620           0
        620           0
        620           0
        620           0
        620           0
        621           0
        621           0
        621           0
        621           0
        621           0
        622           0
        622           0
        689           0
        689           0
        690           0
        690           0
        690           0
        690           0
        690           0
        691           0
        691           0
        691           0
        691           0
        691           0
        692           0
        692           0
        692           0
        692           0
        692           0
        693           0
        693           0
        693           0
        693           0
        693           0
        694           0
        694           0
        694           0
        694           0
        694           0
        695           0
        695           0
        695           0
        695           0
        695           0
        696           0
        696           0
        696           0
        696           0
        696           0
        697           0
        697           0
        697           0
        697           0
        697           0
        698           0
        698           0
        698           0
        698           0
        698           0
        699           0
        699           0
        699           0
        699           0
        699           0
        700           0
        700           0
        700           0
        700           0
        700           0
        701           0
        701           0
        701           0
        701           0
        701           0
        702           0
        702           0
        769           0
        769           0
        770           0
        770           0
        770           0
        770           0
        770           0
        771           0
        771           0
        771           0
        771           0
        771           0
        772           0
        772           0
        772           0
        772           0
        772           0
        773           0
        773           0
        773           0
        773           0
        773           0
        774           0
        774           0
        774           0
        774           0
        774           0
        775           0
        775           0
        775           0
        775           0
        775           0
        776           0
        776           0
        776           0
        776           0
        776           0
        777           0
        777           0
        777           0
        777           0
        777           0
        778           0
        778           0
        778           0
        778           0
        778           0
        779           0
        779           0
        779           0
        779           0
        779           0
        780           0
        780           0
        780           0
        780           0
        780           0
        781           0
        781           0
        781           0
        781           0
        781           0
        782           0
        782           0
        849           0
        849           0
        850           0
        850           0
        850           0
        850           0
        850           0
        851           0
        851           0
        851           0
        851           0
        851           0
        852           0
        852           0
        852           0
        852           0
        852           0
        853           0
        853           0
        853           0
        853           0
        853           0
        854           0
        854           0
        854           0
        854           0
        854           0
        855           0
        855           0
        855           0
        855           0
        855           0
        856           0
        856           0
        856           0
        856           0
        856           0
        857           0
        857           0
        857           0
        857           0
        857           0
        858           0
        858           0
        858           0
        858           0
        858           0
        859           0
        859           0
        859           0
        859           0
        859           0
        860           0
        860           0
        860           0
        860           0
        860           0
        861           0
        861           0
        861           0
        861           0
        861           0
        862           0
        862           0
        929           0
        929           0
        930           0
        930           0
        930           0
        930           0
        930           0
        931           0
        931           0
        931           0
        931           0
        931           0
        932           0
        932           0
        932           0
        932           0
        932           0
        933           0
        933           0
        933           0
        933           0
        933           0
        934           0
        934           0
        934           0
        934           0
        934           0
        935           0
        935           0
        935           0
        935           0
        935           0
        936           0
        936           0
        936           0
        936           0
        936           0
        937           0
        937           0
        937           0
        937           0
        937           0
        938           0
        938           0
        938           0
        938           0
        938           0
        939           0
        939           0
        939           0
        939           0
        939           0
        940           0
        940           0
        940           0
        940           0
        940           0
        941           0
        941           0
        941           0
        941           0
        941           0
        942           0
        942           0
       1009           0
       1009           0
       1010           0
       1010           0
       1010           0
       1010           0
       1010           0
       1011           0
       1011           0
       1011           0
       1011           0
       1011           0
       1012           0
       1012           0
       1012           0
       1012           0
       1012           0
       1013           0
       1013           0
       1013           0
       1013           0
       1013           0
       1014           0
       1014           0
       1014           0
       1014           0
       1014           0
       1015           0
       1015           0
       1015           0
       1015           0
       1015           0
       1016           0
       1016           0
       1016           0
       1016           0
       1016           0
       1017           0
       1017           0
       1017           0
       1017           0
       1017           0
       1018           0
       1018           0
       1018           0
       1018           0
       1018           0
       1019           0
       1019           0
       1019           0
       1019           0
       1019           0
       1020           0
       1020           0
       1020           0
       1020           0
       1020           0
       1021           0
       1021           0
       1021           0
       1021           0
       1021           0
       1022           0
       1022           0
       1089           0
       1089           0
       1090           0
       1090           0
       1090           0
       1090           0
       1090           0
       1091           0
       1091           0
       1091           0
       1091           0
       1091           0
       1092           0
       1092           0
       1092           0
       1092           0
       1092           0
       1093           0
       1093           0
       1093           0
       1093           0
       1093           0
       1094           0
       1094           0
       1094           0
       1094           0
       1094           0
       1095           0
       1095           0
       1095           0
       1095           0
       1095           0
       1096           0
       1096           0
       1096           0
       1096           0
       1096           0
       1097           0
       1097           0
       1097           0
       1097           0
       1097           0
       1098           0
       1098           0
       1098           0
       1098           0
       1098           0
       1099           0
       1099           0
       1099           0
       1099           0
       1099           0
       1100           0
       1100           0
       1100           0
       1100           0
       1100           0
       1101           0
       1101           0
       1101           0
       1101           0
       1101           0
       1102           0
       1102           0
