        380           0
        381           0
        381           0
        381           0
        381           0
        381           0
        382           0
        382           0
        382           0
        382           0
        382           0
        383           0
        383           0
        383           0
        383           0
        383           0
        384           0
        384           0
        384           0
        384           0
        384           0
        385           0
        385           0
        385           0
        385           0
        385           0
        386           0
        386           0
        386           0
        386           0
        386           0
        387           0
        387           0
        387           0
        387           0
        387           0
        388           0
        388           0
        388           0
        388           0
        388           0
        389           0
        389           0
        389           0
        389           0
        389           0
        390           0
        390           0
        390           0
        390           0
        390           0
        391           0
        391           0
        391           0
        391           0
        391           0
        392           0
        392           0
        392           0
        392           0
        392           0
        393           0
        393           0
        393           0
        444           0
        445           0
        445           0
        445           0
        445           0
        445           0
        446           0
        446           0
        446           0
        446           0
        446           0
        447           0
        447           0
        447           0
        447           0
        447           0
        448           0
        448           0
        448           0
        448           0
        448           0
        449           0
        449           0
        449           0
        449           0
        449           0
        450           0
        450           0
        450           0
        450           0
        450           0
        451           0
        451           0
        451           0
        451           0
        451           0
        452           0
        452           0
        452           0
        452           0
        452           0
        453           0
        453           0
        453           0
        453           0
        453           0
        454           0
        454           0
        454           0
        454           0
        454           0
        455           0
        455           0
        455           0
        455           0
        455           0
        456           0
        456           0
        456           0
        456           0
        456           0
        457           0
        457           0
        457           0
        524           0
        525           0
        525           0
        525           0
        525           0
        525           0
        526           0
        526           0
        526           0
        526           0
        526           0
        527           0
        527           0
        527           0
        527           0
        527           0
        528           0
        528           0
        528           0
        528           0
        528           0
        529           0
        529           0
        529           0
        529           0
        529           0
        530           0
        530           0
        530           0
        530           0
        530           0
        531           0
        531           0
        531           0
        531           0
        531           0
        532           0
        532           0
        532           0
        532           0
        532           0
        533           0
        533           0
        533           0
        533           0
        533           0
        534           0
        534           0
        534           0
        534           0
        534           0
        535           0
        535           0
        535           0
        535           0
        535           0
        536           0
        536           0
        536           0
        536           0
        536           0
        537           0
        537           0
        537           0
        604           0
        605           0
        605           0
        605           0
        605           0
        605           0
        606           0
        606           0
        606           0
        606           0
        606           0
        607           0
        607           0
        607           0
        607           0
        607           0
        608           0
        608           0
        608           0
        608           0
        608           0
        609           0
        609           0
        609           0
        609           0
        609           0
        610           0
        610           0
        610           0
        610           0
        610           0
        611           0
        611           0
        611           0
        611           0
        611           0
        612           0
        612           0
        612           0
        612           0
        612           0
        613           0
        613           0
        613           0
        613           0
        613           0
        614           0
        614           0
        614           0
        614           0
        614           0
        615           0
        615           0
        615           0
        615           0
        615           0
        616           0
        616           0
        616           0
        616           0
        616           0
        617           0
        617           0
        617           0
        684           0
        685           0
        685           0
        685           0
        685           0
        685           0
        686           0
        686           0
        686           0
        686           0
        686           0
        687           0
        687           0
        687           0
        687           0
        687           0
        688           0
        688           0
        688           0
        688           0
        688           0
        689           0
        689           0
        689           0
        689           0
        689           0
        690           0
        690           0
        690           0
        690           0
        690           0
        691           0
        691           0
        691           0
        691           0
        691           0
        692           0
        692           0
        692           0
        692           0
        692           0
        693           0
        693           0
        693           0
        693           0
        693           0
        694           0
        694           0
        694           0
        694           0
        694           0
        695           0
        695           0
        695           0
        695           0
        695           0
        696           0
        696           0
        696           0
        696           0
        696           0
        697           0
        697           0
        697           0
        764           0
        765           0
        765           0
        765           0
        765           0
        765           0
        766           0
        766           0
        766           0
        766           0
        766           0
        767           0
        767           0
        767           0
        767           0
        767           0
        768           0
        768           0
        768           0
        768           0
        768           0
        769           0
        769           0
        769           0
        769           0
        769           0
        770           0
        770           0
        770           0
        770           0
        770           0
        771           0
        771           0
        771           0
        771           0
        771           0
        772           0
        772           0
        772           0
        772           0
        772           0
        773           0
        773           0
        773           0
        773           0
        773           0
        774           0
        774           0
        774           0
        774           0
        774           0
        775           0
        775           0
        775           0
        775           0
        775           0
        776           0
        776           0
        776           0
        776           0
        776           0
        777           0
        777           0
        777           0
        844           0
        845           0
        845           0
        845           0
        845           0
        845           0
        846           0
        846           0
        846           0
        846           0
        846           0
        847           0
        847           0
        847           0
        847           0
        847           0
        848           0
        848           0
        848           0
        848           0
        848           0
        849           0
        849           0
        849           0
        849           0
        849           0
        850           0
        850           0
        850           0
        850           0
        850           0
        851           0
        851           0
        851           0
        851           0
        851           0
        852           0
        852           0
        852           0
        852           0
        852           0
        853           0
        853           0
        853           0
        853           0
        853           0
        854           0
        854           0
        854           0
        854           0
        854           0
        855           0
        855           0
        855           0
        855           0
        855           0
        856           0
        856           0
        856           0
        856           0
        856           0
        857           0
        857           0
        857           0
        924           0
        925           0
        925           0
        925           0
        925           0
        925           0
        926           0
        926           0
        926           0
        926           0
        926           0
        927           0
        927           0
        927           0
        927           0
        927           0
        928           0
        928           0
        928           0
        928           0
        928           0
        929           0
        929           0
        929           0
        929           0
        929           0
        930           0
        930           0
        930           0
        930           0
        930           0
        931           0
        931           0
        931           0
        931           0
        931           0
        932           0
        932           0
        932           0
        932           0
        932           0
        933           0
        933           0
        933           0
        933           0
        933           0
        934           0
        934           0
        934           0
        934           0
        934           0
        935           0
        935           0
        935           0
        935           0
        935           0
        936           0
        936           0
        936           0
        936           0
        936           0
        937           0
        937           0
        937           0
       1004           0
       1005           0
       1005           0
       1005           0
       1005           0
       1005           0
       1006           0
       1006           0
       1006           0
       1006           0
       1006           0
       1007           0
       1007           0
       1007           0
       1007           0
       1007           0
       1008           0
       1008           0
       1008           0
       1008           0
       1008           0
       1009           0
       1009           0
       1009           0
       1009           0
       1009           0
       1010           0
       1010           0
       1010           0
       1010           0
       1010           0
       1011           0
       1011           0
       1011           0
       1011           0
       1011           0
       1012           0
       1012           0
       1012           0
       1012           0
       1012           0
       1013           0
       1013           0
       1013           0
       1013           0
       1013           0
       1014           0
       1014           0
       1014           0
       1014           0
       1014           0
       1015           0
       1015           0
       1015           0
       1015           0
       1015           0
       1016           0
       1016           0
       1016           0
       1016           0
       1016           0
       1017           0
       1017           0
       1017           0
       1084           0
       1085           0
       1085           0
       1085           0
       1085           0
       1085           0
       1086           0
       1086           0
       1086           0
       1086           0
       1086           0
       1087           0
       1087           0
       1087           0
       1087           0
       1087           0
       1088           0
       1088           0
       1088           0
       1088           0
       1088           0
       1089           0
       1089           0
       1089           0
       1089           0
       1089           0
       1090           0
       1090           0
       1090           0
       1090           0
       1090           0
       1091           0
       1091           0
       1091           0
       1091           0
       1091           0
       1092           0
       1092           0
       1092           0
       1092           0
       1092           0
       1093           0
       1093           0
       1093           0
       1093           0
       1093           0
       1094           0
       1094           0
       1094           0
       1094           0
       1094           0
       1095           0
       1095           0
       1095           0
       1095           0
       1095           0
       1096           0
       1096           0
       1096           0
       1096           0
       1096           0
       1097           0
       1097           0
       1097           0
