         27    402
         28    402
         29    402
         30    402
         31    402
         32    402
         33    402
         34    402
         35    402
         36    402
         37    402
         38    402
         39    402
         40    402
         41    402
         42    402
         43    402
         44    402
         45    402
         46    402
         47    402
         48    402
         49    402
         50    402
         51    402
         52    402
         53    402
         54    402
         55    402
         56    402
         57    402
         58    402
         59    402
         60    402
         61    402
         62    402
         63    402
         64    402
         65    402
         66    402
         67    402
         68    402
         69    402
         70    402
         71    402
         72    402
         73    402
         74    402
         75    402
         76    402
         77    402
         78    402
         79    402
         80    402
         81    402
         82    402
         83    402
         84    402
         85    402
         86    402
         87    402
         88    402
         89    402
         90    402
         91    402
         92    402
         93    402
         94    402
         95    402
         96    402
         97    402
         98    402
         99    402
        100    402
        101    402
        102    402
        103    402
        104    402
        105    402
        106    402
        107    402
        108    402
        109    402
        110    402
        111    402
        112    402
        113    402
        114    402
        115    402
        116    402
        117    402
        118    402
        119    402
        120    402
        121    402
        122    402
        123    402
        124    402
        125    402
        126      0
        127      0
        128      0
        129      0
        130      0
        131      0
        132      0
        133      0
        134      0
        135      0
        136      0
        137      0
        138      0
        139      0
        140      0
        141      0
        142      0
        143      0
        144      0
        145      0
        146      0
        147      0
        148      0
        149      0
        150      0
        151      0
        152      0
        153      0
        154      0
        155      0
        156      0
        157      0
        158      0
        159      0
        160      0
        161      0
        162      0
        163      0
        164      0
        165      0
        166      0
        167      0
        168      0
        169      0
        170      0
        171      0
        172      0
        173      0
        174      0
        175      0
        176      0
        177      0
        178      0
        179      0
        180      0
        181      0
        182      0
        183      0
        184      0
        185      0
        186      0
        187      0
        188      0
        189      0
        190      0
        191      0
        192      0
        193      0
        194      0
        195      0
        196      0
        197      0
        198      0
        199      0
        200      0
        201      0
        202      0
        203      0
        204      0
        205      0
        206      0
        207      0
        208      0
        209      0
        210      0
        211      0
        212      0
        213      0
        214      0
        215      0
        216      0
        217      0
        218      0
        219      0
        220      0
        221      0
        222      0
        223      0
        224      0
       1160    402
       1160    402
       1160    402
       1160    402
       1164    402
       1165    402
       1166    402
       1167    402
       1168    402
       1169    402
       1170    402
       1171    402
       1172    402
       1173    402
       1174    402
       1175    402
       1176    402
       1177    402
       1178    402
       1179    402
       1180    402
       1181    402
       1182    402
       1183    402
       1184    402
       1185    402
       1186    402
       1187    402
       1188    402
       1189    402
       1190    402
       1191    402
       1192    402
       1193    402
       1194    402
       1195    402
       1196    402
       1197    402
       1198    402
       1199    402
       1200    402
       1201    402
       1202    402
       1203    402
       1204    402
       1205    402
       1206    402
       1207    402
       1208    402
       1209    402
       1210    402
       1211    402
       1212    402
       1213    402
       1214    402
       1215    402
       1216    402
       1217    402
       1218    402
       1219    402
       1220    402
       1221    402
       1222    402
       1223    402
       1224    402
       1225    402
       1226    402
       1227    402
       1228    402
       1229    402
       1230    402
       1231    402
       1232    402
       1233    402
       1234    402
       1235    402
