        570    217    179
        573   -132    248
        577   -133   -248
        580    217   -178
        650    217    179
        653   -132    248
        657   -133   -248
        660    217   -178
        730    217    179
        733   -132    248
        737   -133   -248
        740    217   -178
        810    217    179
        813   -132    248
        817   -133   -248
        820    217   -178
        890    218    178
        893   -133    249
        897   -132   -249
        900    218   -179
        970    218    178
        973   -133    249
        977   -132   -249
        980    218   -179
       1050    218    178
       1053   -133    249
       1057   -132   -249
       1060    218   -179
       1130      0      0
       1133      0      0
       1137      0      0
       1140      0      0
