         18           0           0
         19           0           0
         20           0           0
         21           0           0
         22           0           0
         23           0           0
         24           0           0
         25           0           0
         26           0           0
         27           0           0
         28           0           0
         29           0           0
         30           0           0
         31           0           0
         32           0           0
         33           0           0
         34           0           0
         35           0           0
         36           0           0
         37           0           0
         38           0           0
         39           0           0
         40           0           0
         41           0           0
         42           0           0
         43           0           0
         44           0           0
         45           0           0
         46           0           0
         47           0           0
         48           0           0
         49           0           0
         50           0           0
         51           0           0
         52           0           0
         53           0           0
         54           0           0
         55           0           0
         56           0           0
         57           0           0
         58           0           0
         59           0           0
         60           0           0
         61           0           0
         62           0           0
         63           0           0
         64           0           0
         65           0           0
         66           0           0
         67           0           0
         68           0           0
         69           0           0
         70           0           0
         71           0           0
         72           0           0
         73           0           0
         74           0           0
         75           0           0
         76           0           0
         77           0           0
         78           0           0
         79           0           0
         80           0           0
         81           0           0
         82           0           0
         83           0           0
         84           0           0
         85           0           0
         86           0           0
         87           0           0
         88           0           0
         89           0           0
         90           0           0
         91           0           0
         92           0           0
         93           0           0
         94           0           0
         95           0           0
         96           0           0
         97           0           0
         98           0           0
         99           0           0
        100           0           0
        101           0           0
        102           0           0
        103           0           0
        104           0           0
        105           0           0
        106           0           0
        107           0           0
        108           0           0
        109           0           0
        110           0           0
        111           0           0
        112           0           0
        113           0           0
        114           0           0
        115           0           0
        116           0           0
        117    11022400           0
        118    45711080           0
        119    16536476           0
        120    53513297           0
        121    22051440           0
        122    53513297           0
        123    16536476           0
        124    45711080           0
        125    11022400           0
        126    45711080           0
        127    16536476           0
        128    53513297           0
        129    22051440           0
        130    53513297           0
        131    16536476           0
        132    45711080           0
        133    11022400           0
        134    45711080           0
        135    16536476           0
        136    53513297           0
        137    22051440           0
        138    53513297           0
        139    16536476           0
        140    45711080           0
        141    11022400           0
        142    45711080           0
        143    16536476           0
        144    53513297           0
        145    22051440           0
        146    53513297           0
        147    16536476           0
        148    45711080           0
        149    11022400           0
        150    45711080           0
        151    16536476           0
        152    53513297           0
        153    22051440           0
        154    53513297           0
        155    16536476           0
        156    45711080           0
        157    11022400           0
        158    45711080           0
        159    16536476           0
        160    53513297           0
        161    22051440           0
        162    53513297           0
        163    16536476           0
        164    45711080           0
        165    11022400           0
        166    45711080           0
        167    16536476           0
        168    53513297           0
        169    22051440           0
        170    53513297           0
        171    16536476           0
        172    45711080           0
        173    11022400           0
        174    45711080           0
        175    16536476           0
        176    53513297           0
        177    22051440           0
        178    53513297           0
        179    16536476           0
        180    45711080           0
        181    11022400           0
        182    45711080           0
        183    16536476           0
        184    53513297           0
        185    22051440           0
        186    53513297           0
        187    16536476           0
        188    45711080           0
        189    11022400           0
        190    45711080           0
        191    16536476           0
        192    53513297           0
        193    22051440           0
        194    53513297           0
        195    16536476           0
        196    45711080           0
        197    11022400           0
        198    45711080           0
        199    16536476           0
        200    53513297           0
        201    22051440           0
        202    53513297           0
        203    16536476           0
        204    45711080           0
        205    11022400           0
        206    45711080           0
        207    16536476           0
        208    53513297           0
        209    22051440           0
        210    53513297           0
        211    16536476           0
        212    45711080           0
        213    11022400           0
        214    45711080           0
        215    16536476           0
        216    53513297           0
        217    22051440           0
        218    53513297           0
        219    16536476           0
        220    45711080           0
        221    11022400           0
        222    45711080           0
        223    16536476           0
        224    53513297           0
       1156           0           0
       1157           0           0
       1158           0           0
       1159           0           0
       1160           0           0
       1161           0           0
       1162           0           0
       1163           0           0
       1164           0           0
       1165           0           0
       1166           0           0
       1167           0           0
       1168           0           0
       1169           0           0
       1170           0           0
       1171           0           0
       1172           0           0
       1173           0           0
       1174           0           0
       1175           0           0
       1176           0           0
       1177           0           0
       1178           0           0
       1179           0           0
       1180           0           0
       1181           0           0
       1182           0           0
       1183           0           0
       1184           0           0
       1185           0           0
       1186           0           0
       1187           0           0
       1188           0           0
       1189           0           0
       1190           3           0
       1191           3           0
       1192           2           0
       1193           2           0
       1194           1           0
       1195           1           0
       1196           0           0
       1197           0           0
       1198           0           0
       1199           0           0
       1200           0           0
       1201           0           0
       1202           0           0
       1203           0           0
       1204           0           0
       1205           0           0
       1206           0           0
       1207           0           0
       1208           0           0
       1209           0           0
       1210           0           0
       1211           0           0
       1212           0           0
       1213           0           0
       1214           0           0
       1215           0           0
       1216           0           0
       1217           0           0
       1218           0           0
       1219           0           0
       1220           0           0
       1221           0           0
       1222           0           0
       1223           0           0
       1224           0           0
       1225           0           0
       1226           0           0
       1227           0           0
       1228           0           0
       1229           0           0
       1230           0           0
       1231           0           0
       1232           0           0
       1233           0           0
       1234           0           0
       1235           0           0
