        380   -370   8686
        381  11279      0
        381   -370  -8686
        381   2869  -8024
        381   6990   5977
        381   1524   2013
        382   4318  -6331
        382  -8311  -3983
        382  -2766  -7664
        382   7041  -1869
        382   3850    294
        383     71  -8302
        383  -9875  -3420
        383   1767  -4225
        383   4235  -1078
        383  -1623  11597
        384   8607   -296
        384   4512  -4512
        384   2665   7099
        384  -4129   2837
        384  -9475   4708
        385   5935   6667
        385   5021   1019
        385  -4353   5868
        385  -4075  -1574
        385  -2529 -10892
        386  -8798  -1196
        386  -9191  -1480
        386   5419  -5345
        386   -203   3882
        386  -6633   8311
        387   6621   7642
        387    887   7045
        387 -11279      0
        387    887  -7045
        387   6621  -7642
        388  -6633  -8311
        388   -203  -3882
        388   5419   5345
        388  -9191   1480
        388  -8798   1196
        389  -2529  10892
        389  -4075   1574
        389  -4353  -5868
        389   5021  -1019
        389   5935  -6667
        390  -9475  -4708
        390  -4129  -2837
        390   2665  -7099
        390   4512   4512
        390   8607    296
        391  -1623 -11597
        391   4235   1078
        391   1767   4225
        391  -9875   3420
        391     71   8302
        392   3850   -294
        392   7041   1869
        392  -2766   7664
        392  -8311   3983
        392   4318   6331
        393   1524  -2013
        393   6990  -5977
        393   2869   8024
        444   -370   8686
        445  11279      0
        445   -370  -8686
        445   2869  -8024
        445   6990   5977
        445   1524   2013
        446   4318  -6331
        446  -8311  -3983
        446  -2766  -7664
        446   7041  -1869
        446   3850    294
        447     71  -8302
        447  -9875  -3420
        447   1767  -4225
        447   4235  -1078
        447  -1623  11597
        448   8607   -296
        448   4512  -4512
        448   2665   7099
        448  -4129   2837
        448  -9475   4708
        449   5935   6667
        449   5021   1019
        449  -4353   5868
        449  -4075  -1574
        449  -2529 -10892
        450  -8798  -1196
        450  -9191  -1480
        450   5419  -5345
        450   -203   3882
        450  -6633   8311
        451   6621   7642
        451    887   7045
        451 -11279      0
        451    887  -7045
        451   6621  -7642
        452  -6633  -8311
        452   -203  -3882
        452   5419   5345
        452  -9191   1480
        452  -8798   1196
        453  -2529  10892
        453  -4075   1574
        453  -4353  -5868
        453   5021  -1019
        453   5935  -6667
        454  -9475  -4708
        454  -4129  -2837
        454   2665  -7099
        454   4512   4512
        454   8607    296
        455  -1623 -11597
        455   4235   1078
        455   1767   4225
        455  -9875   3420
        455     71   8302
        456   3850   -294
        456   7041   1869
        456  -2766   7664
        456  -8311   3983
        456   4318   6331
        457   1524  -2013
        457   6990  -5977
        457   2869   8024
        524  -4637   3516
        525 -11279      0
        525  -4637  -3516
        525   3999   9799
        525   4293  -8738
        525   1595  -8751
        526  -1153   3598
        526  -2335  -2487
        526    151  -3587
        526      0   1595
        526   -457   3135
        527   8091  -9493
        527  11547  -5739
        527  -1595   2876
        527  -9124   2684
        527  -3032   8849
        528  -3857  -3548
        528  -6767   2256
        528   2492  13455
        528   5817   5086
        528  -3018  16384
        529  -1595   4745
        529   5920  -9569
        529    589   4103
        529  -5390   3542
        529      0   1595
        530   4199  -5136
        530   2678  -4294
        530   1855   9601
        530   1595   2141
        530   2441   2034
        531   2239   8678
        531  -5262  -1230
        531 -11279      0
        531  -5262   1230
        531   2239  -8678
        532   2441  -2034
        532   1595  -2141
        532   1855  -9601
        532   2678   4294
        532   4199   5136
        533      0  -1595
        533  -5390  -3542
        533    589  -4103
        533   5920   9569
        533  -1595  -4745
        534  -3018 -16384
        534   5817  -5086
        534   2492 -13455
        534  -6767  -2256
        534  -3857   3548
        535  -3032  -8849
        535  -9124  -2684
        535  -1595  -2876
        535  11547   5739
        535   8091   9493
        536   -457  -3135
        536      0  -1595
        536    151   3587
        536  -2335   2487
        536  -1153  -3598
        537   1595   8751
        537   4293   8738
        537   3999  -9799
        604   4731  -3672
        605   4512      0
        605   4731   3672
        605   5377   8607
        605   5177   7683
        605    732  -4940
        606  -6422    743
        606  -5896   1978
        606   3307  -6913
        606   4785   7702
        606  -4521  11345
        607  -5643   1024
        607   2416   7165
        607    489   6181
        607  -7014  -8797
        607  -2800  -2871
        608   2861   4850
        608  -2256      0
        608  -3084   6561
        608   5012  -8018
        608   4144 -14051
        609  -3679   8050
        609  -3315   5263
        609  -2463   7667
        609  -7650   3787
        609  -4785  -1321
        610   3981  15649
        610   1242   2241
        610  -4468   -875
        610   2458   5952
        610   9482  -4762
        611   5171  -2920
        611    376  -8064
        611      0      0
        611    376   8064
        611   5171   2920
        612   9482   4762
        612   2458  -5952
        612  -4468    875
        612   1242  -2241
        612   3981 -15649
        613  -4785   1321
        613  -7650  -3787
        613  -2463  -7667
        613  -3315  -5263
        613  -3679  -8050
        614   4144  14051
        614   5012   8018
        614  -3084  -6561
        614  -2256      0
        614   2861  -4850
        615  -2800   2871
        615  -7014   8797
        615    489  -6181
        615   2416  -7165
        615  -5643  -1024
        616  -4521 -11345
        616   4785  -7702
        616   3307   6913
        616  -5896  -1978
        616  -6422   -743
        617    732   4940
        617   5177  -7683
        617   5377  -8607
        684   1592   7723
        685  -6767      0
        685   1592  -7723
        685   7545  -3169
        685  -9933    944
        685 -12072   4225
        686  10744   2599
        686   8238   2837
        686  -4316    948
        686  -2529   4512
        686   3401   7664
        687   6793  -5906
        687   3258    777
        687   2887   3882
        687  -4335   -593
        687  -7947  12701
        688    667   5262
        688  -9023   4512
        688  -3989   9651
        688  11743    488
        688    947   3725
        689   2172   2013
        689  -1114   3019
        689 -12344    -73
        689   3465  -9311
        689   7041  -4512
        690   2332  -7692
        690   6336  -2996
        690  -1098   1388
        690  -2010  -6667
        690   1532   1810
        691  -2319   9045
        691  -3154   5003
        691  -2256      0
        691  -3154  -5003
        691  -2319  -9045
        692   1532  -1810
        692  -2010   6667
        692  -1098  -1388
        692   6336   2996
        692   2332   7692
        693   7041   4512
        693   3465   9311
        693 -12344     73
        693  -1114  -3019
        693   2172  -2013
        694    947  -3725
        694  11743   -488
        694  -3989  -9651
        694  -9023  -4512
        694    667  -5262
        695  -7947 -12701
        695  -4335    593
        695   2887  -3882
        695   3258   -777
        695   6793   5906
        696   3401  -7664
        696  -2529  -4512
        696  -4316   -948
        696   8238  -2837
        696  10744  -2599
        697 -12072  -4225
        697  -9933   -944
        697   7545   3169
        764   8524   1348
        765   9023      0
        765   8524  -1348
        765   1149    988
        765   1929   1483
        765   4084  -2256
        766  -2815  -1905
        766   1852  -7466
        766  -5854   2018
        766  -9297  10892
        766  10712  -3256
        767   6118   3106
        767  -9242   9320
        767 -12602   2256
        767 -11149  -1113
        767   1468   1293
        768   6763  11760
        768   2256      0
        768   -114    -88
        768  -1610   8509
        768  -3016  -9145
        769  -5992  -2256
        769  -2871   4955
        769    606  -2154
        769   1019   2839
        769    274   1869
        770    504   5186
        770  13208   2677
        770   8547  -4314
        770  -3537   2256
        770   5855   8168
        771  -4744   5562
        771  -8793  -3363
        771   4512      0
        771  -8793   3363
        771  -4744  -5562
        772   5855  -8168
        772  -3537  -2256
        772   8547   4314
        772  13208  -2677
        772    504  -5186
        773    274  -1869
        773   1019  -2839
        773    606   2154
        773  -2871  -4955
        773  -5992   2256
        774  -3016   9145
        774  -1610  -8509
        774   -114     88
        774   2256      0
        774   6763 -11760
        775   1468  -1293
        775 -11149   1113
        775 -12602  -2256
        775  -9242  -9320
        775   6118  -3106
        776  10712   3256
        776  -9297 -10892
        776  -5854  -2018
        776   1852   7466
        776  -2815   1905
        777   4084   2256
        777   1929  -1483
        777   1149   -988
        844   2485   4533
        845   4512      0
        845   2485  -4533
        845  -1091   2055
        845  -9008  -3848
        845   -661 -10072
        846  12303 -12070
        846  -3781  -1392
        846  -9095   2908
        846  -4125  -4785
        846  -1982   3516
        847   5700   2106
        847  -8183   2226
        847  -3851  10578
        847  12373   3649
        847  -7085  -1749
        848  -7752   -834
        848      0   2256
        848  -7881  -5126
        848   -536  -2384
        848  -2616  10727
        849  -3851  -2957
        849   4909  -4339
        849    910   4237
        849   5517  -3146
        849   8636  -4785
        850   -820  -2945
        850  -2829   3383
        850  -2649   5105
        850   -661   3462
        850   5631  -3837
        851   8712 -13983
        851   6767  -2730
        851   4512      0
        851   6767   2730
        851   8712  13983
        852   5631   3837
        852   -661  -3462
        852  -2649  -5105
        852  -2829  -3383
        852   -820   2945
        853   8636   4785
        853   5517   3146
        853    910  -4237
        853   4909   4339
        853  -3851   2957
        854  -2616 -10727
        854   -536   2384
        854  -7881   5126
        854      0  -2256
        854  -7752    834
        855  -7085   1749
        855  12373  -3649
        855  -3851 -10578
        855  -8183  -2226
        855   5700  -2106
        856  -1982  -3516
        856  -4125   4785
        856  -9095  -2908
        856  -3781   1392
        856  12303  12070
        857   -661  10072
        857  -9008   3848
        857  -1091  -2055
        924  -4856    928
        925  -6767      0
        925  -4856   -928
        925  -4650   -582
        925   3179   3722
        925   7327  -3767
        926  -1772   1387
        926    398   1714
        926   -391  -4967
        926  -1321   -274
        926   4082  -7547
        927  -2168  -5254
        927    384  -6906
        927   5864 -13667
        927   1589  -1332
        927   2204  -6815
        928   5497  -8179
        928   6767   6767
        928  -7941   1369
        928 -14822  -2242
        928   2189   9413
        929    -31   3605
        929  -3816  -6602
        929   8205   4889
        929   5329  -2079
        929  -7702  -9297
        930 -15401   3428
        930  -2697  -3546
        930  11585   -264
        930   4886   4482
        930   -577   -249
        931  -4516   6634
        931    920  -1213
        931  11279      0
        931    920   1213
        931  -4516  -6634
        932   -577    249
        932   4886  -4482
        932  11585    264
        932  -2697   3546
        932 -15401  -3428
        933  -7702   9297
        933   5329   2079
        933   8205  -4889
        933  -3816   6602
        933    -31  -3605
        934   2189  -9413
        934 -14822   2242
        934  -7941  -1369
        934   6767  -6767
        934   5497   8179
        935   2204   6815
        935   1589   1332
        935   5864  13667
        935    384   6906
        935  -2168   5254
        936   4082   7547
        936  -1321    274
        936   -391   4967
        936    398  -1714
        936  -1772  -1387
        937   7327   3767
        937   3179  -3722
        937  -4650    582
       1004   2077  -5189
       1005  -6767      0
       1005   2077   5189
       1005  -4432  -4866
       1005    192  -5110
       1005  14271  -3376
       1006   1370  -6667
       1006   5990  -4271
       1006   3738  -2003
       1006  -2529  -3190
       1006   3275  -7546
       1007  -2187  -4039
       1007   1252   3264
       1007   4977    449
       1007   6974   5529
       1007   2453   4961
       1008  -7236  -6571
       1008  -4512   4512
       1008  -7360   3672
       1008   -727 -13519
       1008   4551    563
       1009  -3656  11341
       1009  -3581   5730
       1009  -1981   6631
       1009  10786  -2904
       1009   7041  -3190
       1010 -12390   9707
       1010  -1822   3755
       1010   2456  -3391
       1010  -6569  -1507
       1010   -454  -3981
       1011   2706  -7942
       1011  -5650  -8307
       1011 -11279      0
       1011  -5650   8307
       1011   2706   7942
       1012   -454   3981
       1012  -6569   1507
       1012   2456   3391
       1012  -1822  -3755
       1012 -12390  -9707
       1013   7041   3190
       1013  10786   2904
       1013  -1981  -6631
       1013  -3581  -5730
       1013  -3656 -11341
       1014   4551   -563
       1014   -727  13519
       1014  -7360  -3672
       1014  -4512  -4512
       1014  -7236   6571
       1015   2453  -4961
       1015   6974  -5529
       1015   4977   -449
       1015   1252  -3264
       1015  -2187   4039
       1016   3275   7546
       1016  -2529   3190
       1016   3738   2003
       1016   5990   4271
       1016   1370   6667
       1017  14271   3376
       1017    192   5110
       1017  -4432   4866
       1084      0      0
       1085      0      0
       1085      0      0
       1085      0      0
       1085      0      0
       1085      0      0
       1086      0      0
       1086      0      0
       1086      0      0
       1086      0      0
       1086      0      0
       1087      0      0
       1087      0      0
       1087      0      0
       1087      0      0
       1087      0      0
       1088      0      0
       1088      0      0
       1088      0      0
       1088      0      0
       1088      0      0
       1089      0      0
       1089      0      0
       1089      0      0
       1089      0      0
       1089      0      0
       1090      0      0
       1090      0      0
       1090      0      0
       1090      0      0
       1090      0      0
       1091      0      0
       1091      0      0
       1091      0      0
       1091      0      0
       1091      0      0
       1092      0      0
       1092      0      0
       1092      0      0
       1092      0      0
       1092      0      0
       1093      0      0
       1093      0      0
       1093      0      0
       1093      0      0
       1093      0      0
       1094      0      0
       1094      0      0
       1094      0      0
       1094      0      0
       1094      0      0
       1095      0      0
       1095      0      0
       1095      0      0
       1095      0      0
       1095      0      0
       1096      0      0
       1096      0      0
       1096      0      0
       1096      0      0
       1096      0      0
       1097      0      0
       1097      0      0
       1097      0      0
