        611     -1     -1
        611    140    -14
        611   -139     27
        611   -135     40
        612   -131     53
        612    124    -67
        612   -118     78
        612    108    -90
        612   -100     99
        613    -90    108
        613    -79    117
        613     66   -125
        613     53   -131
        613    -42    134
        614    -29    137
        614     13   -141
        614     -1    140
        614    -14   -141
        614    -28   -139
        615     40    134
        615     53    130
        615     65    124
        615     77    117
        615     88    108
        616   -100   -101
        616    108     89
        616    116     78
        616     -1     -1
        616      0      0
        617      0      0
        617      0      0
        617      0      0
        617      0      0
        617     -1      0
        618      0      0
        618      0      0
        618     -1     -1
        618     -1      0
        618   -118     78
        619   -109     89
        619     99   -101
        619    -90    109
        619    -79    117
        619    -67    124
        620     53   -131
        620    -41    134
        620    -28    138
        620     13   -141
        620     -1   -141
        621    -15   -141
        621    -29   -139
        621     40    134
        621    -55   -131
        621    -67   -125
        622    -79   -118
        622    -90   -109
        622   -100   -100
        622    108     89
        622    117     78
        623   -125    -67
        623   -131    -54
        623    134     40
        623    138     27
        623   -141    -14
        691     -1     -1
        691    140    -14
        691    138    -28
        691    134    -41
        692    130    -54
        692   -125     66
        692    117    -79
        692    108    -90
        692     99   -100
        693     89   -109
        693     78   -118
        693    -67    123
        693    -55    129
        693     40   -135
        694    -29    137
        694    -15    139
        694      0   -141
        694    -14   -141
        694    -28   -139
        695     40    134
        695     53    130
        695     65    124
        695     77    117
        695    -90   -110
        696   -100   -101
        696    108     89
        696   -118    -79
        696     -1     -1
        696     -1     -1
        697     -1     -1
        697      0      0
        697      0     -1
        697      0     -1
        697     -1     -1
        698      0      0
        698     -1      0
        698      0      0
        698      0      0
        698    116    -79
        699   -109     89
        699     99   -101
        699     88   -110
        699    -79    117
        699    -67    124
        700    -54    130
        700     40   -136
        700    -28    138
        700    -14    140
        700     -1   -141
        701     13    139
        701    -28   -139
        701    -42   -135
        701    -55   -131
        701     65    124
        702    -79   -118
        702    -90   -109
        702   -100   -100
        702    108     89
        702   -118    -79
        703    124     66
        703    130     53
        703   -135    -41
        703    138     27
        703   -141    -14
        771     -1     -1
        771    140    -14
        771    138    -28
        771   -135     40
        772   -131     53
        772    124    -67
        772   -118     78
        772    108    -90
        772   -100     99
        773    -90    108
        773     78   -118
        773     66   -125
        773    -55    129
        773     40   -135
        774    -29    137
        774    -15    139
        774     -1    140
        774     13    140
        774     27    138
        775     40    134
        775     53    130
        775     65    124
        775    -79   -118
        775     88    109
        776   -100   -101
        776   -109    -90
        776    116     78
        776      0      0
        776      0      0
        777     -1     -1
        777      0      0
        777     -1     -1
        777      0     -1
        777      0      0
        778      0      0
        778     -1      0
        778     -1     -1
        778     -1     -1
        778   -118     78
        779   -109     89
        779     99   -101
        779     88   -110
        779    -79    117
        779    -67    124
        780     53   -131
        780     40   -136
        780     26   -139
        780     13   -141
        780     -1   -141
        781    -15   -141
        781     27    137
        781     40    134
        781     53    129
        781     65    124
        782     78    117
        782    -90   -109
        782     99     99
        782    108     89
        782    117     78
        783   -125    -67
        783   -131    -54
        783    134     40
        783   -139    -28
        783   -141    -14
        851     -1     -1
        851    140    -14
        851    138    -28
        851    134    -41
        852   -131     53
        852    124    -67
        852   -118     78
        852    108    -90
        852     99   -100
        853     89   -109
        853    -79    117
        853    -67    123
        853     53   -131
        853     40   -135
        854     27   -139
        854    -15    139
        854     -1    140
        854     13    140
        854    -28   -139
        855    -41   -136
        855    -54   -131
        855     65    124
        855    -79   -118
        855     88    109
        856     99     99
        856    108     89
        856   -118    -79
        856     -1     -1
        856     -1     -1
        857      0      0
        857      0     -1
        857      0      0
        857     -1     -1
        857      0      0
        858      0      0
        858     -1     -1
        858      0      0
        858      0      0
        858    116    -79
        859    108    -90
        859   -100     99
        859     88   -110
        859    -79    117
        859    -67    124
        860    -54    130
        860     40   -136
        860     27   -139
        860    -14    140
        860     -1   -141
        861     13    139
        861     27    137
        861     40    134
        861     53    129
        861    -67   -125
        862    -79   -118
        862    -90   -109
        862     99     99
        862    108     89
        862   -118    -79
        863    124     66
        863    130     53
        863    134     40
        863    138     27
        863   -141    -14
        931     -1     -1
        931   -141     13
        931    138    -28
        931   -135     40
        932   -131     53
        932   -125     66
        932    117    -79
        932   -109     89
        932     99   -100
        933    -90    108
        933     78   -118
        933     66   -125
        933     53   -131
        933     40   -135
        934     27   -139
        934     13   -141
        934      0    140
        934     13    140
        934     27    138
        935     40    134
        935     53    130
        935    -67   -125
        935     78    117
        935     89    108
        936   -100   -100
        936   -109    -90
        936    117     78
        936      0     -1
        936     -1     -1
        937      0      0
        937      0      0
        937      0      0
        937     -1      0
        937      0      0
        938     -1     -1
        938     -1      0
        938     -1     -1
        938     -1      0
        938   -118     78
        939   -109     89
        939   -100     99
        939     89   -109
        939     78   -118
        939     66   -125
        940    -54    130
        940    -41    134
        940     27   -139
        940     13   -141
        940     -1    140
        941     13    140
        941     27    138
        941     40    134
        941    -54   -131
        941     66    124
        942    -79   -118
        942     89    108
        942   -100   -100
        942   -109    -90
        942    117     78
        943    124     66
        943    130     53
        943    134     40
        943    138     27
        943   -141    -14
       1011     -1     -1
       1011   -141     13
       1011   -139     27
       1011   -135     40
       1012    130    -54
       1012    124    -67
       1012   -118     78
       1012   -109     89
       1012   -100     99
       1013     89   -109
       1013    -79    117
       1013    -67    124
       1013     53   -131
       1013    -41    134
       1014     27   -139
       1014    -14    140
       1014     -1   -141
       1014    -14   -141
       1014     27    138
       1015     40    134
       1015    -54   -131
       1015    -67   -125
       1015     78    117
       1015     89    108
       1016   -100   -100
       1016    108     89
       1016   -118    -79
       1016     -1      0
       1016      0      0
       1017      0      0
       1017      0      0
       1017      0      0
       1017     -1     -1
       1017      0      0
       1018      0     -1
       1018      0      0
       1018      0      0
       1018      0      0
       1018    117    -79
       1019    108    -90
       1019     99   -100
       1019    -90    108
       1019    -79    117
       1019     66   -125
       1020    -54    130
       1020    -41    134
       1020     27   -139
       1020    -14    140
       1020      0    140
       1021    -14   -141
       1021     27    138
       1021    -41   -135
       1021     53    130
       1021    -67   -125
       1022    -79   -118
       1022     89    108
       1022   -100   -100
       1022   -109    -90
       1022    117     78
       1023   -125    -67
       1023   -131    -54
       1023   -135    -41
       1023    138     27
       1023    140     13
       1091     -1     -1
       1091    140    -14
       1091   -139     27
       1091   -135     40
       1092   -131     53
       1092   -125     66
       1092    117    -79
       1092   -109     89
       1092   -100     99
       1093    -90    108
       1093     78   -118
       1093     66   -125
       1093    -54    130
       1093     40   -135
       1094     27   -139
       1094    -14    140
       1094      0   -141
       1094    -14   -141
       1094     27    138
       1095    -41   -135
       1095    -54   -131
       1095    -67   -125
       1095     78    117
       1095     89    108
       1096   -100   -100
       1096    108     89
       1096    117     78
       1096      0      0
       1096      0     -1
       1097      0      0
       1097     -1     -1
       1097      0      0
       1097      0     -1
       1097     -1      0
       1098     -1     -1
       1098      0      0
       1098      0     -1
       1098      0      0
       1098    117    -79
       1099    108    -90
       1099     99   -100
       1099     89   -109
       1099    -79    117
       1099     66   -125
       1100     53   -131
       1100    -41    134
       1100     27   -139
       1100    -14    140
       1100     -1   -141
       1101     13    140
       1101     27    138
       1101    -41   -135
       1101    -54   -131
       1101     66    124
       1102    -79   -118
       1102     89    108
       1102   -100   -100
       1102   -109    -90
       1102   -118    -79
       1103    124     66
       1103   -131    -54
       1103    134     40
       1103    138     27
       1103    140     13
