        260      499467      106567
        261      422482      794313
        262     -145188     -231528
        263      -82196      483815
        264    -1849483     1449247
        265     -633631     -993201
        266     -278178     -836036
        267    -2613911     -133243
        268      856258     -279568
        269     2691287      991685
        270     -192003      926093
        271     1798187     2660376
        272     2483891     3174082
        273     -314535     -227239
        274     -243500      605179
        275     -256150     1445409
        276    -1782025    -1933061
        277    -1760136    -1663778
        278    -1008593     1206281
        279    -1251874      180271
        280     -639540    -1019832
        281       88959     -404600
        282     1348809     -294286
        283     1565200     1330013
        284     -647385      -52008
        285     1194913     -811632
        286      279414     3994566
        287    -1097752     1927106
        288     2535526    -1744883
        289     -859374      479169
        290      468386     -226526
        291     1485399    -3169965
        292    -5185026    -5203910
        293       15232    -2907194
        294      -10707      292406
        295    -1097639    -2850328
        296     5666776    -5752899
        297      -87369    -2410413
        298    -1870621     1230707
        299      199716     -316738
        300    -3585754    -1055025
        301      725442     1098519
        302     1304248     1596996
        303     -899804      127033
        304     -619397     -284720
        305    -1053666      229640
        306      418123     -876175
        307     -565818     -914880
        308       18020      224199
        309     -171103     -719637
        310      753731      257571
        311     2302827      882745
        312    -1445886     -679205
        313     -398597      387958
        314     -339152     -405988
        315    -1143345      258105
        316    -1063737     4348237
        317    -2485475     1844390
        318      709646     -722474
        319    -2516340      805176
        320    -1747357      166999
        321     2503795      414718
        322     -747826      674673
        323     1505378      -36714
        324    -2160678     1157620
        325     2710042     1215439
        326    14657060       -2448
        327     2674963       -1733
        328    -2727937      -78771
        329     1790047     -224358
        330    -2135359      516680
        331    -1324559      317842
        332        7838      -29150
        333       58760      304364
        334      441303      -12416
        335      596953     1979156
        336     1103289     3232473
        337     -165714      -72825
        338      170664    -1256682
        339       74549      -73614
        340     -409313         442
        341    -1174277      305008
        342    -1168081      268695
        343      678509     -141626
        344     -819833     -456735
        345     -934571     -462314
        346      276901      -51316
        347     -505303      567588
