        609        91
        609        91
        610        91
        610        91
        610        91
        610        91
        610        91
        611        91
        611        91
        611        91
        611        91
        611        91
        612        91
        612        91
        612        91
        612        91
        612        91
        613        91
        613        91
        613        91
        613        91
        613        91
        614        91
        614        91
        614        91
        614        91
        614        91
        615        91
        615        91
        615        91
        615        91
        615        91
        616        91
        616        91
        616        91
        616        91
        616        91
        617        91
        617        91
        617        91
        617        91
        617        91
        618        91
        618        91
        618        91
        618        91
        618        91
        619        91
        619        91
        619        91
        619        91
        619        91
        620        91
        620        91
        620        91
        620        91
        620        91
        621        91
        621        91
        621        91
        621        91
        621        91
        622        91
        622        91
        689        91
        689        91
        690        91
        690        91
        690        91
        690        91
        690        91
        691        91
        691        91
        691        91
        691        91
        691        91
        692        91
        692        91
        692        91
        692        91
        692        91
        693        91
        693        91
        693        91
        693        91
        693        91
        694        91
        694        91
        694        91
        694        91
        694        91
        695        91
        695        91
        695        91
        695        91
        695        91
        696        91
        696        91
        696        91
        696        91
        696        91
        697        91
        697        91
        697        91
        697        91
        697        91
        698        91
        698        91
        698        91
        698        91
        698        91
        699        91
        699        91
        699        91
        699        91
        699        91
        700        91
        700        91
        700        91
        700        91
        700        91
        701        91
        701        91
        701        91
        701        91
        701        91
        702        91
        702        91
        769        91
        769        91
        770        91
        770        91
        770        91
        770        91
        770        91
        771        91
        771        91
        771        91
        771        91
        771        91
        772        91
        772        91
        772        91
        772        91
        772        91
        773        91
        773        91
        773        91
        773        91
        773        91
        774        91
        774        91
        774        91
        774        91
        774        91
        775        91
        775        91
        775        91
        775        91
        775        91
        776        91
        776        91
        776        91
        776        91
        776        91
        777        91
        777        91
        777        91
        777        91
        777        91
        778        91
        778        91
        778        91
        778        91
        778        91
        779        91
        779        91
        779        91
        779        91
        779        91
        780        91
        780        91
        780        91
        780        91
        780        91
        781        91
        781        91
        781        91
        781        91
        781        91
        782        91
        782        91
        849        91
        849        91
        850        91
        850        91
        850        91
        850        91
        850        91
        851        91
        851        91
        851        91
        851        91
        851        91
        852        91
        852        91
        852        91
        852        91
        852        91
        853        91
        853        91
        853        91
        853        91
        853        91
        854        91
        854        91
        854        91
        854        91
        854        91
        855        91
        855        91
        855        91
        855        91
        855        91
        856        91
        856        91
        856        91
        856        91
        856        91
        857        91
        857        91
        857        91
        857        91
        857        91
        858        91
        858        91
        858        91
        858        91
        858        91
        859        91
        859        91
        859        91
        859        91
        859        91
        860        91
        860        91
        860        91
        860        91
        860        91
        861        91
        861        91
        861        91
        861        91
        861        91
        862        91
        862        91
        929         0
        929         0
        930         0
        930         0
        930         0
        930         0
        930         0
        931         0
        931         0
        931         0
        931         0
        931         0
        932         0
        932         0
        932         0
        932         0
        932         0
        933         0
        933         0
        933         0
        933         0
        933         0
        934         0
        934         0
        934         0
        934         0
        934         0
        935         0
        935         0
        935         0
        935         0
        935         0
        936         0
        936         0
        936         0
        936         0
        936         0
        937         0
        937         0
        937         0
        937         0
        937         0
        938         0
        938         0
        938         0
        938         0
        938         0
        939         0
        939         0
        939         0
        939         0
        939         0
        940         0
        940         0
        940         0
        940         0
        940         0
        941         0
        941         0
        941         0
        941         0
        941         0
        942         0
        942         0
       1009         0
       1009         0
       1010         0
       1010         0
       1010         0
       1010         0
       1010         0
       1011         0
       1011         0
       1011         0
       1011         0
       1011         0
       1012         0
       1012         0
       1012         0
       1012         0
       1012         0
       1013         0
       1013         0
       1013         0
       1013         0
       1013         0
       1014         0
       1014         0
       1014         0
       1014         0
       1014         0
       1015         0
       1015         0
       1015         0
       1015         0
       1015         0
       1016         0
       1016         0
       1016         0
       1016         0
       1016         0
       1017         0
       1017         0
       1017         0
       1017         0
       1017         0
       1018         0
       1018         0
       1018         0
       1018         0
       1018         0
       1019         0
       1019         0
       1019         0
       1019         0
       1019         0
       1020         0
       1020         0
       1020         0
       1020         0
       1020         0
       1021         0
       1021         0
       1021         0
       1021         0
       1021         0
       1022         0
       1022         0
       1089         0
       1089         0
       1090         0
       1090         0
       1090         0
       1090         0
       1090         0
       1091         0
       1091         0
       1091         0
       1091         0
       1091         0
       1092         0
       1092         0
       1092         0
       1092         0
       1092         0
       1093         0
       1093         0
       1093         0
       1093         0
       1093         0
       1094         0
       1094         0
       1094         0
       1094         0
       1094         0
       1095         0
       1095         0
       1095         0
       1095         0
       1095         0
       1096         0
       1096         0
       1096         0
       1096         0
       1096         0
       1097         0
       1097         0
       1097         0
       1097         0
       1097         0
       1098         0
       1098         0
       1098         0
       1098         0
       1098         0
       1099         0
       1099         0
       1099         0
       1099         0
       1099         0
       1100         0
       1100         0
       1100         0
       1100         0
       1100         0
       1101         0
       1101         0
       1101         0
       1101         0
       1101         0
       1102         0
       1102         0
